-401
794
-714
424
-45
413
1871
171
1381
1998
-688
-1480
43
167
1577
-309
-48
-1206
983
1756
1851
-1797
1303
-1316
1054
870
-340
1893
-1721
-1495
-1568
-1317
2011
620
618
1255
-155
-44
-1660
-687
-1956
-1733
17
668
-1657
-1888
1553
-553
982
230
-1806
1050
-828
131
1761
-1264
-1256
993
-1749
268
1580
1696
821
1551
874
-403
136
-439
-1521
1656
1879
823
287
-366
472
1124
1938
-870
-986
1140
620
-1143
168
-1094
-1806
-328
-1782
1281
706
-888
1398
1481
2023
-194
-1951
-375
-361
1805
90
-977
-307
1096
1627
-68
-108
-878
526
-808
-532
-1518
581
-928
-1724
-95
888
-1062
-655
-1849
-1476
-319
-478
-1918
920
659
939
1499
-1705
669
1318
294
1001
1112
2005
-1845
71
379
1975
177
-1223
118
-1728
-1233
99
-1932
18
-438
1754
-1607
737
-909
282
-159
25
889
627
-1189
896
208
2012
-1642
-1879
1518
-512
867
535
983
-1407
2021
-1734
174
-1416
-1409
1743
1611
1020
1082
25
1208
1222
300
92
-113
946
-379
758
-1760
1863
-1404
-568
-1440
-243
797
2023
639
-1631
-958
1200
1309
-613
686
1761
-1527
1803
-923
-1028
-646
1948
876
-1122
-1075
814
1062
747
-126
-254
979
-20
1181
1335
115
-842
59
-1338
1743
1665
1875
397
1980
-1926
-1122
-808
341
-470
379
-1575
-680
-591
-524
-1442
356
1380
1914
-1145
-1486
1295
193
-403
1668
1676
40
1215
773
1491
783
-199
944
1103
1992
1993
1022
-133
1314
-599
674
-344
651
1235
-1597
2035
-86
1890
169
-1979
1638
570
-18
1602
-423
842
-809
1114
1135
-1220
-749
390
1523
98
-86
1268
-1633
-746
1031
-901
-556
-215
1065
414
-261
-1378
708
1378
1215
-665
-1426
-371
333
-452
1690
623
-1695
-925
-1138
-969
-2005
609
-536
640
-523
-1647
1807
1881
1136
-1941
-206
-1424
-96
420
454
370
-434
1512
-576
1710
-1780
1574
-501
-1636
-1390
115
911
-1669
-1913
-668
1402
-535
-118
-53
-1840
-686
396
1241
-984
-722
326
-381
175
1029
462
-490
1311
303
-692
270
966
-1504
398
-521
134
-1710
-588
-1203
-66
1720
1925
1645
-1282
-608
-1079
-916
1162
-38
-2002
679
1684
608
-1533
-1705
1807
-1243
-1927
-607
1317
1030
-644
-639
298
781
-1019
-1229
-1008
914
-293
-1491
1836
-1922
1713
-1134
-1672
-1169
-1376
-1002
-1316
-1839
-1611
302
751
1198
-1815
-100
955
96
1026
282
1424
1230
1191
-1199
1268
369
-428
1477
-132
-1072
-1459
-1801
-1913
1928
-1426
-954
-1321
-1326
1478
1270
2034
-188
-523
1008
562
-1255
-2015
-953
-1421
-1394
170
-1913
1636
-634
-929
171
106
-1711
1559
-339
-560
-1415
1007
-1137
1153
-360
-1367
-1290
1299
-1498
638
1824
-1528
-1512
-973
-1216
-1723
-671
307
1541
205
-468
1531
-1389
879
-308
361
351
1670
-1462
-2015
1898
-586
1154
1743
1363
-643
471
616
1142
-1611
-1486
260
1020
189
1922
-1371
-1097
117
-1134
-881
1737
-571
1271
1619
-995
967
1897
858
1622
-1147
1805
-25
-1638
-1788
752
1177
164
1764
1645
-185
1934
1342
1439
-999
1490
-834
1175
-528
1474
768
1404
252
832
-1754
1377
-411
1968
-1712
-1072
1025
1304
1103
-787
-224
-424
-968
-1468
1304
1627
1224
-1543
234
-910
-307
-1917
-1924
1868
-221
1207
-1872
-735
-373
569
811
594
-1256
-1518
1196
1288
45
-625
1778
1868
1557
-1214
-725
1493
1530
514
1469
1364
-1203
-1531
-1904
-965
1914
1997
1136
-1297
-1785
-1759
-1298
83
671
1953
1323
1191
-1123
-1696
-1789
137
-422
735
258
564
1467
-1278
1691
-298
1696
-960
-1765
-1563
-467
-1125
-1919
-1924
-1545
-1822
1855
663
-1287
-1953
422
51
56
473
1519
-983
528
-802
1030
713
782
-474
1988
-461
1886
1590
-836
-479
-89
-755
1628
1373
68
693
921
684
-1554
-1795
175
1801
1155
1494
1608
1889
-1737
-1336
203
884
1193
-1834
1716
-2036
1622
1377
276
-442
-551
-121
1276
1551
816
517
-1823
1430
772
-1589
-816
953
924
1221
-1911
-154
942
-1717
-457
463
-29
406
-780
1391
2038
960
-1579
1978
-1914
-1598
650
1928
-1480
-1628
-1907
-498
910
-1587
-106
-928
1530
-1730
1694
888
-1201
-48
-492
-1883
1142
1604
-1472
1082
1650
572
-768
1208
-414
-554
-642
-1028
431
-237
257
-1861
-1207
-295
960
-1522
699
-1149
-873
1793
1611
-273
670
46
-816
-1014
1949
-737
84
944
1574
944
-377
-782
-409
812
1962
-1925
-1889
-1769
318
844
23
430
-750
-1907
1449
529
474
-425
1180
1485
-455
1455
241
1548
-1284
332
504
-1010
-581
841
-2011
-756
-1881
-588
-1785
-1689
113
-562
-1932
1282
-670
1546
427
-1313
-1967
1712
-122
-1619
183
249
-378
907
1175
-819
-48
1716
-204
1240
-15
260
-109
-1757
91
-911
960
966
-360
-452
426
-2011
12
-276
653
17
1373
-803
509
1878
1090
1914
-692
290
714
-764
-928
-127
-1279
180
-1815
211
-1574
-1160
1219
801
-1941
1237
-841
-1736
-1475
-441
37
-1657
1995
1697
776
-1338
-2028
2008
-1330
-477
-2041
-852
820
781
-1264
-1927
1050
-893
-1186
1797
-754
-1081
-763
1588
1965
136
725
1919
-566
-1454
-15
855
-1011
818
-795
1067
1627
1970
875
-1241
-341
-1076
-97
-906
-1216
-1792
399
-722
1391
-643
1619
-1897
1445
32
-1207
-274
-598
-1687
-1376
-1152
-470
-723
-998
-1021
98
-733
218
-199
-1824
-2030
-686
-848
1081
1437
19
930
-1313
-1346
177
-1308
1184
-370
-670
1974
315
951
-1412
-596
1672
1578
688
1329
368
-1755
758
789
645
-642
-1786
1699
-1231
1075
1897
126
-929
-765
-482
7
943
-744
631
344
6
1483
-618
434
611
-182
1013
-934
-998
1807
1388
-571
1824
-424
48
1821
428
37
-499
2043
440
796
-351
62
429
1775
-604
-2038
763
-1693
9
1992
-106
-1339
-240
1592
-196
1523
1043
-449
415
-1106
1060
-1358
-1495
-719
1612
487
1639
-463
-1173
1786
1066
494
-1376
691
2044
888
319
532
308
1268
300
1135
1113
-520
1156
-276
235
-829
-1615
1918
860
-1427
1691
1343
90
-551
-459
-5
546
1385
-277
1285
-762
-1163
-685
834
-1062
1344
-1599
-978
371
-1870
-1075
1025
2044
91
-1349
1750
803
540
1447
1182
1546
-2032
-1399
517
-1542
1986
1712
-2018
-351
-42
-2004
-1867
-1777
-99
617
-1681
520
-1786
1440
860
254
-1924
882
310
-960
-1313
-2043
504
928
1369
-1441
510
1629
-214
780
-1943
301
-1750
1006
721
-640
-1236
-2020
1349
1746
-1281
-297
83
1803
-747
148
-1217
1730
-1345
-1841
-959
-1412
1505
-1075
1210
423
-464
-1231
859
-1916
1960
-1976
-1514
-1651
-377
-259
476
1974
85
122
558
1583
-429
74
-461
-354
-1832
760
1401
730
-22
-1747
589
804
191
-500
-1164
-632
1084
-1019
-1194
1950
-431
1725
-1393
-112
-1503
1352
1979
-742
-1284
862
650
1992
1530
-838
-1051
815
1097
356
-1722
-503
-1546
-514
1296
-691
-1723
-305
487
-2023
1668
189
736
1364
-969
-271
1693
-2012
-1152
-2009
-208
976
242
682
-856
-884
383
472
-924
1393
-128
-997
-1308
-1737
987
-939
563
1558
819
1457
-1331
570
754
-828
217
-1727
-440
1225
-1054
18
1776
-953
686
2018
-1587
-107
381
1324
-1268
1184
1091
-1076
-1503
-366
805
-773
-1757
1123
-1310
74
-54
358
1855
-929
-555
637
370
113
-824
-212
61
-1123
-755
-1728
1012
-1360
1609
-1498
1076
432
-270
202
316
475
-1303
-268
1771
-1771
-692
260
-1215
958
1330
1835
-429
1524
-1696
727
-574
-773
718
1893
-1684
1506
554
-1785
887
620
2024
181
418
223
808
-1965
414
2046
1835
-613
-349
1004
872
1834
501
-788
1556
597
1150
-765
-723
-834
820
1376
1483
-1858
1130
116
1516
1907
2027
-1617
-1958
-141
1994
-49
-303
753
-1061
715
-1449
1167
-572
-1511
1418
1393
1957
-928
-1778
966
816
-626
-576
-868
-1250
1062
-763
-27
-750
713
-1350
451
1475
-288
253
-39
-673
-1698
425
-596
1530
-1394
-667
1812
-1447
-558
-946
915
1650
1600
40
374
62
297
1020
-1055
548
1862
-1774
-1402
1402
-1596
-709
1552
1710
965
627
-1992
-1733
1455
-1119
-1475
-720
-1330
-403
280
1140
1662
1611
493
378
470
111
1516
1388
-396
1200
127
-40
-71
-1182
1716
-617
1835
-1053
729
283
-765
-1010
-1234
-1556
-1603
1088
-344
-706
460
-2022
1721
-576
50
-83
-1793
-935
-1797
-1697
-60
2032
-1900
-2032
-916
-482
231
-580
638
-1378
313
-408
1658
-76
396
846
1839
-723
1722
578
1201
-2033
7
-1749
973
231
-1243
-1638
-1818
679
1953
-922
293
-20
-330
299
-744
186
62
-1605
-1183
-359
522
-695
-326
-1821
-1478
-1159
1537
1891
-1611
765
-1695
-731
1971
-1034
-1190
-1746
-1222
448
-1818
-128
-1184
1132
-175
-21
-1127
1414
-1284
-810
1182
79
-571
-33
1831
-1719
-1993
1610
306
-774
-964
-1236
-1292
498
-902
290
-958
-536
1808
-1569
1916
-1573
1758
1269
729
-684
530
-917
1276
1153
-1777
107
1508
320
1163
145
259
747
-523
-937
385
-772
-1852
192
-620
72
6
1354
471
1793
1757
1490
-1622
-223
1756
926
-681
-1172
845
852
-1228
-280
1097
-1569
-921
683
-1910
1572
632
517
-1827
419
1667
1243
1103
-615
-266
-949
2002
-263
-806
348
92
1782
-611
467
643
523
-1485
763
-395
898
-1903
-411
811
-151
113
-1916
-3
216
78
-728
-202
1684
-1160
-1616
241
-1071
1606
-1813
-1811
-215
355
163
-426
1469
225
-834
-1890
1098
-1949
-57
9
1080
245
-753
1327
1700
-1581
-1010
-484
823
179
299
1065
-824
-1299
957
-1660
436
1021
1340
-1761
-1547
715
-1636
70
174
558
-857
-877
873
1527
-898
1315
-851
334
-802
597
-1008
-182
872
653
-1632
-1341
-1869
1860
-361
-431
1544
305
-1727
345
1026
-390
-494
803
-1637
-1566
983
224
2018
1519
1264
-97
-1460
-1300
-1154
-239
-204
-1376
-1415
1555
-1781
-1812
437
1530
926
1012
1690
-659
1475
768
1946
-29
796
-302
-937
690
-495
644
91
-896
1484
-25
619
26
-1967
-487
-453
1975
-938
1419
662
362
824
-1987
498
-1585
-353
263
1836
-543
473
321
1178
-1809
786
-199
-203
-130
-1022
1219
997
1083
1599
-1851
221
-56
-1247
-1415
-1823
78
-1298
420
634
506
-1130
635
282
-752
-1375
46
482
679
-1428
1303
579
-745
-363
899
572
1215
1926
-539
49
1650
-1758
378
-1971
1054
1096
-1434
-677
1252
1932
1003
-746
1392
1682
1050
-577
1406
1114
-643
-244
-1129
-1969
-517
1094
963
499
-563
-1633
-1420
-1197
-676
647
42
1494
-737
-1225
-205
-1588
1614
766
-2022
-978
1898
432
1518
-1281
885
1469
1864
-1075
-283
1337
1241
1165
303
1921
-1368
683
-535
-1629
1221
39
1103
-1216
-881
723
99
-482
-212
-611
1079
-489
651
1959
-850
889
-1643
-1673
94
-567
1151
-1099
958
187
1658
-18
-1709
-1658
1336
1755
242
-460
931
1120
1310
1338
1144
-755
290
-257
-559
1321
1838
1874
623
1344
-1732
247
500
1007
918
-1833
-861
283
1089
-1251
987
-1435
1482
6
-960
-821
201
600
559
880
720
-656
-530
-135
1489
-812
-2
214
-292
854
-1282
1055
1826
-1134
-1114
1336
-427
-78
-1002
719
263
676
-1223
-1376
-1446
113
-697
607
904
1976
1608
-674
164
-1445
-1129
-1380
1294
-235
1325
889
1776
-1486
1013
-301
1140
-246
-592
-1932
-1602
-1934
-1108
-1819
651
477
1314
1407
-374
1882
-1497
-849
-1260
-490
6
-444
393
904
-949
-1030
1299
-711
1778
-1565
1718
-290
-1752
715
703
-1787
-1768
146
1638
-519
30
1072
-1875
1803
1037
1440
-705
7
-1919
-148
1157
-1328
-1733
1491
1949
-1767
-1398
1438
-1215
1586
-1927
593
136
1735
-1561
2021
1686
125
-1956
-23
-1057
1913
-1642
1493
-1498
-1101
960
719
1063
-1046
317
1139
1991
99
1261
-295
951
-1231
-1028
1437
-1134
2037
1537
1026
333
329
-1900
2015
1806
-681
-270
-107
-2018
-8
794
1718
1048
-1006
-1825
-1645
842
-1505
21
841
1788
1518
-280
1708
1240
390
244
-625
-2004
1777
1137
1700
5
-217
-1512
1501
-706
-57
-1839
1807
-239
-578
553
-256
-1653
-345
96
671
-899
-269
772
-1898
-499
-339
-1241
1221
1975
738
1010
-1523
206
1426
192
-1570
-706
-1514
1381
1514
952
2023
-1568
938
-1511
-1561
1569
-610
731
-1104
-224
-1429
740
-1180
-1578
-605
541
370
1376
556
1597
-875
-1764
-1476
610
-1083
-128
-827
661
-971
764
1143
1564
-718
-635
7
1922
2009
1999
-56
-682
1188
331
-1897
-1411
1175
1429
-26
284
54
139
255
1793
-1538
-577
1857
1644
-401
-931
1387
576
1940
-925
-549
131
1526
1567
-1119
-1513
-811
-1813
-1924
-1377
-1088
-1554
1916
1932
-1176
-2009
-1927
307
-116
1616
1010
-814
-1014
2006
-1070
662
1782
-1634
-1956
1665
-585
-1112
1484
-247
-278
-884
579
-1916
1875
908
2036
61
-1164
614
-1100
-458
980
935
917
81
-477
1686
1489
1575
181
1416
-1122
-2004
-1338
-95
11
302
1790
-1306
-269
-690
665
-105
919
-783
1711
-1597
832
1824
-523
-1544
-1153
482
-876
-1522
-2008
933
-950
1788
252
-842
-1396
-862
-1313
914
695
-924
1136
-1232
-1459
960
594
1518
245
910
-1383
1142
646
1276
-1110
-1258
1202
1330
1623
1236
1664
-882
-205
1824
876
604
1768
1240
-2015
-1511
1490
-1057
687
759
624
1017
1120
-279
1752
530
1733
443
1300
-352
581
1432
1599
-1464
-34
-627
-904
1949
-979
-1235
-1172
-776
-615
-1975
1953
-729
-1125
396
-1978
572
267
-1268
872
283
-140
913
-1829
-1828
1333
2010
-1226
-795
1192
604
863
1222
1505
204
1599
-1884
-1711
1075
164
-738
-782
-883
-1717
-542
554
-818
1274
382
-475
99
1196
-590
-1371
1792
397
-274
-1715
1958
1778
563
1848
2038
1571
-1014
-1302
152
-1068
917
596
956
-1188
1223
829
1710
-105
-1920
-1132
-1204
-695
-615
-1066
611
-251
-1560
387
-1024
-366
1520
875
1619
-1115
618
-560
-1915
-1037
608
-1956
492
-894
256
-1070
806
-1999
1521
-1692
370
854
1829
416
422
-1916
795
1266
900
-465
-1408
911
608
-1684
-1006
-296
-1009
-657
475
-1520
-1276
1009
-1405
1116
-861
1620
1466
520
-1891
-1174
1747
1759
-1456
-1555
-973
-79
-1751
-1144
1730
1235
-1826
-1952
-1974
-1100
1669
-253
-1160
-1743
891
-1841
1222
745
-1308
1683
1796
-1708
-1302
-626
623
111
1676
-1930
361
-1706
247
-817
428
-1493
-192
54
1251
-310
-1639
1469
-86
1989
214
1830
-1584
-1549
-1729
-1511
-285
-988
1914
-753
-1562
-674
-1842
1054
795
-1754
-1221
-1691
753
-1027
1754
267
-1836
1541
1289
-772
248
1442
-385
2028
21
17
1346
-1006
1990
-1542
-1168
1268
720
-570
907
-1829
1016
-1571
944
307
-371
-907
40
1647
-1173
-205
-351
-310
-1644
73
-307
-959
1309
814
370
386
-1130
-312
713
472
146
-1281
-1756
-1051
428
-1103
1213
-1224
1151
745
-1577
-1873
1504
90
-1621
-649
-746
-17
-1111
-1854
525
1413
885
1016
401
-71
-784
-632
1597
1930
750
-511
-1695
-231
486
1976
-1410
-757
807
-850
-1894
-284
-1581
671
1036
-2045
1623
-1668
-1035
-184
396
960
1556
-1697
-991
-734
-974
-1653
-1141
1788
1469
-274
-1725
-274
228
60
1345
-224
-1601
971
-1849
1159
-1341
-544
536
727
-686
-1216
-360
-1497
-690
-1552
930
-465
-339
-513
908
-1226
-1
-919
1904
90
207
489
730
876
-298
1980
568
-490
-1828
1082
254
88
605
308
116
87
-314
-487
1045
-1207
1828
-73
1144
1924
-1654
-1116
1448
953
-867
-1765
-1553
-1267
-318
-658
1501
560
872
1482
1729
-653
-588
-917
-2010
-1160
816
756
396
-810
-561
-1984
331
-937
-57
-1264
1365
2003
-1900
-2025
-245
1466
1486
-798
-1309
-268
1776
1488
247
336
1753
-1803
-170
-1438
-1512
-1094
-1292
1663
-800
-651
94
-961
1956
-876
-1797
2024
-711
-1915
1468
1859
354
-465
-910
328
764
-1794
73
487
83
-420
-1312
-564
-1821
1440
1631
-540
-1207
-1448
1549
-295
-1422
702
1474
-970
212
162
1449
-1211
1221
-448
744
1423
-828
1361
-1465
-265
-337
-1490
-580
-199
233
193
465
769
60
-608
971
1102
-1669
191
1411
1573
462
1059
2030
-1133
1208
1065
-1739
-564
-1407
906
1868
393
1584
-1802
1053
1889
1548
43
997
-216
-694
1189
-1252
574
-1493
1938
-902
1233
1872
-194
1101
-1573
834
-1618
-1554
483
1278
-1901
-970
-1907
178
-1971
-1507
153
-1188
22
1075
-1362
-1947
1330
19
-400
-2022
1815
654
-1486
-1558
1667
451
-1808
358
1383
-1074
-1368
-1797
-1628
-1243
1773
-1751
-1934
-618
-585
1902
-889
-324
1594
-1119
1220
752
2044
1695
1401
-1113
1468
400
534
-1524
-403
-1988
338
258
1020
-573
-1627
845
1031
1664
10
1747
-1492
-508
-243
518
34
-1014
2009
1102
-1147
1937
-1122
1636
1279
721
1717
-1124
309
1785
1037
-1803
-276
738
-1471
771
-1363
-1184
165
-122
955
-1972
1576
917
-1462
1332
-41
902
-1328
-1899
265
1329
1690
117
-1205
457
1383
-87
-101
9
2035
563
1877
-1090
-114
-984
1640
-1134
-1409
423
1259
530
328
805
-1534
734
-849
1201
-527
217
-1954
869
1391
1658
575
1982
1024
1283
621
-8
-169
928
904
-1750
-1608
863
-101
-1456
1356
-1810
332
-2
-439
-1791
1400
966
1486
122
1268
1600
934
-751
-1386
-361
136
1913
1350
-361
1801
-989
591
1585
1303
-1234
1912
-678
996
1248
316
1824
-1980
850
1223
-721
-1706
-449
478
-444
1936
527
-912
1785
-1543
-254
485
1918
874
311
-1508
1362
-456
-293
-46
1006
1931
1294
-1854
-1192
259
-1840
260
-149
-1533
-900
-1546
1786
-259
1833
-1966
-622
-1914
1696
-1628
1734
10
210
1252
1596
-944
1527
1593
-1279
872
14
443
-1689
-930
-1848
1359
-1466
1570
-1342
-661
628
1567
-235
-849
408
-1032
1035
617
776
1182
1542
1993
2019
695
-144
1994
-724
-504
182
442
-805
-2031
-692
606
1263
-78
1641
-1135
-1192
-1598
-1831
-436
399
144
-439
1827
1835
-1972
-109
-1777
1509
535
119
-421
-416
1027
-1521
1015
-1942
1925
1195
-310
1485
-856
-444
1807
649
-1105
1579
475
-1707
-1205
831
-919
-117
-731
1339
-1697
1867
-310
-425
-1050
708
-1820
-513
-1925
-105
673
431
-142
-680
-1188
-824
294
-513
-1990
1109
1960
-1201
-9
2004
-504
-2026
-1383
-1105
-1812
54
1799
1674
181
1664
1173
-419
-1827
-1245
-1484
-506
-891
444
370
-1890
1122
-1511
1843
-1229
1447
-1478
-34
-1522
1548
1276
-1747
587
-806
1025
-142
1249
1248
2021
-1972
-1074
-161
-569
158
1680
933
1244
2037
1740
910
-1196
-251
489
-1890
1293
-1188
-1837
-1602
-1147
-452
664
1438
374
-1939
781
-1646
408
268
546
-1857
-1295
339
1298
991
-1529
799
1612
-705
-1607
-931
1264
226
686
-748
244
1300
-925
569
1218
740
-365
-1274
-1705
717
-449
-1325
-588
1377
-794
-628
1730
-1060
-725
107
-1943
151
-1119
-731
1230
-1181
1748
333
-1305
-1665
-648
-2038
-1819
-661
1400
2005
989
1592
-1202
635
329
-1397
1013
250
-1170
-265
-1782
383
1438
-1030
363
-1735
334
823
1505
-2043
194
21
-964
2035
122
-1130
34
-386
-982
1883
-897
340
50
-23
1098
-784
1187
459
1508
1658
-1399
-1554
-78
-153
157
1211
-1775
-964
70
-950
-368
-795
-67
293
-943
54
598
1553
-643
-1866
-1025
596
986
1143
-1905
-1353
1621
1594
1085
-752
370
-1683
-534
1625
163
1836
-2002
1837
882
-424
-1464
1705
-676
-966
-582
-95
-1188
58
382
21
1565
35
2022
-287
956
-225
-14
1913
2027
1355
1816
2008
-600
476
-879
-1973
307
-593
-1337
321
-654
74
-1981
-239
-1174
1348
-862
-162
-249
-1055
715
115
2038
1768
-715
1585
-1644
-312
-736
1189
-1861
919
-1562
-973
-1360
-1694
276
-195
-1079
1070
1133
1355
236
1584
1696
-1147
719
-618
966
-392
-545
-952
-393
1337
-568
-170
1658
420
1931
-2034
-1522
1467
285
1189
-394
-1495
341
645
-1749
-599
-167
-24
-464
392
1091
-250
1226
741
-487
-1910
-155
-815
-302
1869
-116
-1238
-355
867
-1247
566
1051
-472
876
-1317
427
-629
-1204
-176
649
88
1306
121
-274
377
-605
1945
-1572
-992
1182
1131
1979
-311
30
910
-1873
1808
885
1333
-676
-959
-308
-2035
-1673
-1423
-2003
-2001
675
-921
-1263
-445
1755
-540
1872
1680
292
-905
1125
1031
-105
-1866
-1547
-222
-1622
1484
-1402
-863
420
360
-1670
1040
-1991
-1599
244
-1551
1294
984
-1810
-642
892
-24
-999
1568
-512
1453
968
-1974
-86
-291
-89
1470
-419
343
-1506
-1689
-837
1884
1679
-1479
-309
-148
558
-614
-1992
-1557
-933
-814
1821
1652
1936
-601
-1442
-306
-31
-1518
-441
-1728
-97
-276
1722
-1894
1940
1426
-1641
-1155
-1178
-1933
-1982
-1778
-222
-434
912
1260
-238
1128
177
112
1666
-1208
541
-1289
1713
1560
923
-159
-1390
-1857
1061
-1893
130
-962
1195
772
-271
-579
-340
-785
1171
1998
380
956
390
543
337
-2045
493
-178
-301
-457
-187
-754
-1463
-472
-1757
1629
323
-260
632
983
437
-1601
-954
502
-1698
-1941
640
345
1162
859
-919
228
-1245
-1250
-780
-589
1729
-1926
-911
202
-1772
-1845
57
-379
1304
-1928
362
1937
-1390
-1660
-107
1942
-464
43
-1972
-1719
1473
-1155
-1897
1006
-1247
-1071
-1764
613
1235
1322
519
-176
-130
1885
-100
-358
-319
485
-952
-1994
-1839
1386
341
999
-1166
235
-1272
567
1388
1119
-1770
-1452
-1181
-288
138
230
-1317
-1485
-32
2018
-1364
432
589
773
894
-382
-1201
-1749
1913
-265
-225
1609
-1044
-1233
-1694
-472
1025
1206
-352
-1155
1899
-1194
445
946
-1067
-857
579
784
1065
199
1121
319
1196
456
-71
-1491
1699
2023
-578
799
688
147
-839
23
1197
513
-1976
-1742
-2025
-1673
1107
-979
1993
-509
889
503
-1981
-562
-591
-989
-253
1971
-1973
-1483
1620
-169
-987
730
-2002
1371
762
-1832
1829
-1532
215
-106
-1890
-1076
-1413
-137
-336
67
1480
1428
-696
223
-744
1830
230
450
-1463
-968
-1446
1146
-1352
463
-496
1167
-1832
-138
568
2016
1138
2014
623
-1863
-374
-1820
-1029
-1142
-1622
-1404
386
-436
-1079
-1778
324
-1184
-1410
572
1167
1504
1674
-1711
-1117
377
1986
502
1207
887
1536
-478
-1716
1848
-1942
1662
-1933
-1068
-91
450
335
-806
-965
-1417
-904
1095
-568
-150
-186
-141
1066
1703
27
-783
1927
1746
-424
1389
-2044
1764
-737
-675
573
74
-1080
-1689
377
-1228
740
-1114
1096
-1759
-1818
-1158
1228
-634
-732
1532
355
141
1136
265
-320
977
-518
1701
-1964
-753
880
-1293
2
1705
900
-1444
-1519
546
372
-1498
-480
1067
209
297
610
-376
68
-1342
445
1914
592
449
-1559
-1316
-243
-623
-1426
-873
1452
1829
-1653
178
235
2044
-53
-1875
-739
222
1891
546
-1285
624
-2004
-301
1554
-627
1314
-1614
442
-727
-863
-1734
-1154
2036
1988
-1345
-510
882
642
-312
-1204
-381
213
-1445
323
1383
603
-729
1928
-734
275
-1911
354
5
1094
-190
-1319
419
-885
502
981
-1083
-1598
-1993
-1963
649
-2022
550
89
-1638
-790
-1362
-264
57
-1940
-512
760
1635
-718
1193
-1947
-1878
-1441
-300
1431
-807
377
1997
-1251
1398
-801
1495
-1816
-567
1959
1533
-1995
-899
1062
11
1217
1767
-1628
-1402
-918
-1350
-380
648
-2036
5
-66
1951
-846
456
622
1872
-23
1694
-1884
128
1584
-69
-463
637
-386
3
-359
1970
-1615
-1704
224
2022
-1783
-1593
586
-1532
-1427
-293
1254
-1728
1403
185
753
-571
-1938
805
985
1165
-125
1613
-1030
-361
-454
-688
-1060
-1229
-786
-922
12
-626
-1527
-844
-416
-1729
-1635
-109
-1640
-559
-1446
1894
101
1360
721
1996
-1867
1449
1536
-1233
1053
223
-1544
1938
1679
-1018
1958
-1850
1027
231
1738
377
1591
-1445
1201
439
1892
1810
270
-976
-1321
-1266
1947
150
-1960
850
-1646
-785
-1176
-965
1483
926
802
1503
-1352
95
-1066
-265
-1852
471
1816
-1608
-1935
-1557
906
-1281
723
665
223
-136
1939
374
-1676
-307
1845
-117
1567
191
1217
1953
-666
1072
-611
-1786
-1349
1006
664
-1954
1802
329
-1757
1266
1874
-1955
1904
1021
556
-527
-1339
26
-1690
763
640
1733
110
1433
1845
-1578
1196
887
109
1744
-1913
-603
-1997
567
-480
-1613
1871
118
-1321
-2027
301
686
-1994
953
555
-1764
895
-1342
-114
-1779
-1865
-965
971
117
486
757
-449
-777
-9
320
-1759
-1983
-617
-641
1215
2013
-1670
-1131
757
-1452
171
-1246
-1630
1874
-505
-420
-198
1347
-94
-1642
107
457
-195
1870
-1649
1882
1679
-1832
-1277
1498
1145
1862
-1179
13
990
1275
1641
-1039
339
-1208
899
-39
-1950
-909
-1271
593
-670
-529
-773
-357
1253
-1369
-1972
-1087
1419
-1694
-640
76
-705
-216
966
-1951
-315
412
841
60
-1883
-1737
966
300
553
-189
-1451
-1364
1952
-66
-701
-560
-1373
709
268
-804
1883
-571
-694
-791
-1052
-2023
1150
920
-1448
-1205
1507
1737
-1302
695
-1052
41
-350
-1386
1629
675
-34
-1468
-1115
-1110
-1673
495
1789
1559
-1676
-162
2001
227
78
-1577
55
1864
-1622
291
-503
1170
1887
1941
1345
-1707
1028
-1288
-320
1038
-627
-933
-1495
-1225
1338
713
-494
626
-577
170
-704
299
-953
-42
1004
-976
-575
1110
-997
120
-785
441
955
-1784
630
-1318
-1058
1438
960
26
884
1157
404
-994
-751
-754
888
-1374
-1505
1252
-1867
454
727
1588
984
370
-572
-1964
492
-1830
1441
-1767
-1553
-489
-1827
190
-557
-44
-1727
1597
460
1229
-232
1541
-1307
-1718
-395
-1756
438
1620
-1620
1687
618
-1325
2029
1291
-335
-1502
762
-377
714
129
-1352
1110
-1393
-1797
-1590
-762
-188
-830
520
560
869
29
959
99
-737
-863
-349
1724
-898
1210
1914
101
1616
-1904
-1669
-584
-1890
-15
1531
-228
-1652
-1648
495
-138
-549
-1237
-1142
-2014
-76
-1328
-150
1123
-1328
1276
6
1614
-287
-69
-421
-1291
1343
1642
-328
2017
686
1654
193
2027
-1479
153
-654
-1786
533
-300
-1513
-1729
1931
-1291
-1211
-810
-1367
-607
-349
820
1749
-1590
-376
-804
-1726
1156
-432
38
475
1349
-1435
1760
-2010
1593
736
-1395
-1945
-1798
965
335
-1390
-200
-1626
-1653
-121
937
-576
-537
-576
-1327
134
2024
598
-66
1372
754
1870
-827
-347
-632
-998
-1040
1258
756
-1746
1852
69
806
977
-880
1702
-1366
728
1336
-440
-1854
339
-731
-280
-622
-1998
365
-1795
1594
943
-1405
1447
-1819
1431
399
-400
-363
293
-685
1943
1258
-1634
-487
1067
-645
-1929
-761
1668
-803
-1018
-403
-928
1879
-1110
829
325
1301
-1457
381
-390
972
-944
1952
-1271
2003
413
-1319
-1223
-1382
285
-991
-1512
79
-475
-993
1059
-1294
-752
427
1552
-943
2020
763
-390
1361
-25
-673
-629
-975
1281
891
-1656
-78
-2006
1546
-1249
-1712
-1696
1758
119
-977
-378
589
501
-1296
-1078
1746
-111
-1498
682
-269
-1602
394
-1912
-730
1241
-1599
404
1514
514
152
-1708
-38
1087
-1558
-706
-615
1293
-330
-1325
449
1815
-1858
-567
-1895
549
1102
1901
-139
-220
-418
1051
-522
1852
176
-85
190
1268
-1473
1509
468
543
-634
2013
1659
-1582
-1311
-1258
1666
254
-1843
872
-784
1271
2039
1216
-511
-1415
-712
1360
-1420
1122
1804
1408
1010
1288
257
-430
689
-1808
634
822
-2031
1524
810
93
1600
1525
-1291
-1468
237
-105
-206
-112
1707
-923
-1177
-1489
-177
1823
-213
-1914
1779
-1753
1878
960
-1583
-1574
1116
1073
129
-225
-1104
141
-1768
-1607
-449
291
1145
1152
-1555
-1051
-926
-1665
2019
-1494
405
-1123
1491
1339
-368
51
1001
632
1623
-236
-626
1037
918
-986
-319
-193
1985
-1649
1056
1305
1640
-707
-147
1690
1133
210
1662
-1761
-181
-288
-319
-1002
-995
-940
738
-768
-1384
-1749
-777
631
942
-217
-1364
866
2039
424
-570
-1245
-605
-648
1703
1972
-1522
891
741
-1332
-291
1373
1491
672
-387
1766
-768
-1107
-2040
812
-386
2036
1659
91
-1269
1313
-1212
-1746
-1570
1540
1993
-284
37
194
1632
711
549
-412
-497
527
2004
1233
-1672
-1239
-1283
38
1199
-186
183
-960
497
-194
-930
-1142
287
-381
1440
1013
528
833
2043
1793
1417
1681
-713
1468
-808
925
267
-557
1021
179
2019
-1940
-408
-1720
-392
-12
-1530
-1110
1118
-613
-1838
-1649
-117
-1141
-859
1595
627
1225
-690
-1704
-1263
1970
-808
-1735
-917
-1043
-1548
-1079
216
-1832
-907
-1850
-325
1382
972
1123
1458
1619
-1152
1345
1606
-1148
1386
1172
474
-1610
1523
901
-775
-1714
-1564
-851
-1585
-196
-1540
1172
-811
225
-968
-1973
-1639
-13
-371
1217
380
1843
826
-454
-1395
-735
648
-1465
33
-709
479
-1088
-1166
1325
-960
-1214
-541
-375
1006
853
790
-1530
353
814
-859
-662
-196
1748
1378
207
-150
-51
1612
1113
317
1297
715
822
-908
-662
-388
1269
289
743
-1472
-1528
-1923
-1361
675
-926
-439
1975
1403
-1720
1821
-1076
165
1289
814
1359
2018
1474
-1610
1317
-1075
-521
1234
844
1959
-1018
497
1378
-1982
-147
1658
1501
-1662
182
1250
1774
1258
1297
-1541
-2037
1723
639
1640
242
-1083
1409
1111
338
1485
1354
1307
-76
153
-186
-269
-295
-695
-258
-349
-916
1595
839
-756
2015
-1721
-606
1143
-884
549
1204
-571
1489
-1213
-262
-1757
109
1671
1611
653
1955
-922
396
-557
-1669
-1328
-741
518
-1864
-1474
1821
-1913
-66
-1386
174
-185
801
1509
145
-1406
-279
766
185
-610
1388
-599
-1209
-180
710
1686
-2020
-1852
959
-1795
2011
-1005
-1245
-119
1377
-1677
-900
-248
624
1921
-234
-1968
193
-392
-1978
-116
1087
521
1999
735
1896
561
-634
1587
1730
1679
-1329
1590
1113
1146
-174
110
51
-1124
-1161
-1443
-346
266
-55
-617
388
-793
-975
-1329
1305
-1471
-545
425
-564
1380
1770
1900
-150
99
1686
605
790
447
1294
-1078
-845
-685
438
1705
-840
816
-289
1246
1922
-866
470
196
1780
-1309
-1456
-684
1866
-2026
-10
-1402
-962
1450
327
-2034
1846
202
-1418
-953
944
80
1883
330
-1404
-901
-127
1578
-1736
-991
1770
-475
1592
-146
-1297
987
1768
-1008
-590
635
-1946
-1340
-123
685
-2037
569
210
1374
1194
1842
957
572
-691
1499
72
-1059
-409
1080
-1550
1910
-1366
-1606
457
573
-2020
946
-1048
-1514
1678
-1299
-1251
-1082
105
-1554
499
1155
653
51
985
196
1142
-1500
-666
-445
1387
419
1700
821
-79
1899
-391
-1882
-333
207
-1589
440
276
538
-592
1555
-1121
-1700
1874
264
-545
-1655
159
947
1423
513
-877
986
-1626
-1455
559
-637
477
1550
-1780
-1740
-1040
261
1597
1239
-1251
-188
1246
-1756
-1230
-1715
195
363
-1061
-2007
1693
2045
1338
354
-1959
1207
705
-299
139
2043
-741
-1492
-972
2003
-1991
42
-688
327
1640
-1138
1432
-1086
-673
884
1052
-1915
1552
1371
-845
1053
-882
-384
-954
-1092
116
1184
-1829
1112
829
-1503
-1986
-573
-745
1367
1111
1858
-675
-216
12
-2036
1952
-1885
-1134
-1759
-1512
970
824
-1305
1647
1884
-98
-999
527
376
-1517
1073
-389
-1733
1111
-213
1798
-1248
-388
1153
-847
-1998
471
-125
1269
-1057
1053
-1362
-815
-1929
352
-959
-880
1587
-2036
-563
1443
-811
-584
1206
-192
-1137
-47
-587
689
-130
-266
-1772
1164
1104
0
465
858
1860
-1600
1396
247
76
543
-386
1898
338
-1548
-130
1593
1953
523
-1859
283
1849
196
-443
1285
1055
-1328
112
1150
-1648
-441
1217
-2007
-1282
-1305
-1787
-924
1755
-406
1707
289
-234
2031
-1940
-861
1816
358
-63
-458
911
-1576
1203
-1567
897
1945
1398
470
1779
1371
2034
-324
744
-1836
-1224
917
-338
-471
677
1645
623
-248
231
634
-1277
-1998
1151
1243
700
-884
1021
197
-1156
168
949
1042
400
1441
-1288
301
-1095
1609
-1367
-195
2009
1424
831
-633
180
-1755
1030
762
1073
1816
-1645
-299
-381
-1596
-665
-1220
-1590
-1949
1209
-291
-408
-32
-1987
1649
-1084
596
-1322
-1260
-644
107
339
1616
-757
-1169
-1801
267
-1109
-1255
1713
1506
-885
-525
1348
-948
809
1864
995
-741
1499
-1633
901
-621
95
-1923
-830
-1580
-406
-1856
1041
917
567
531
-353
1602
1777
195
1345
-730
-1300
678
-15
1241
-1643
1588
-181
-828
-1739
-340
1628
-1647
-975
-988
641
1451
498
671
-1218
-1882
-179
1786
30
-1454
584
1178
1673
721
356
-1310
1370
1083
536
-684
-1973
1770
-349
-677
278
-659
-256
143
-1960
233
1292
647
-1060
790
1974
-752
1188
-398
1321
-580
-1450
-1559
-12
-1063
1528
188
1799
-636
579
-1117
1180
1791
768
1021
-1090
-1239
-1586
1596
-1899
-33
-1553
1074
854
1429
-1716
1128
456
-848
-1936
1883
-203
-64
1920
1926
-289
1445
-1493
1333
-1830
-1441
-1968
-1259
-729
-1672
1433
1106
1314
311
1470
-1668
1818
324
-159
1195
-1019
966
-1125
-1434
839
-1016
-1014
-92
-874
344
-677
615
-1125
-1695
-1990
1392
1447
145
-357
-969
1318
-1058
-171
3
-1335
-1418
1514
816
105
-1363
-1907
850
-605
198
542
1906
-1571
-1343
611
796
1001
2026
-1528
841
792
1890
1184
1555
415
-970
-363
-1510
-932
573
172
-379
-43
-1377
1916
-1867
1650
708
-1942
93
2003
1265
574
-213
1328
-730
875
-838
-1335
-1680
-1126
-1031
-1480
-1903
-1349
-1340
-579
1485
-1159
180
64
-764
736
1567
551
-575
-1197
-2010
-296
126
-882
-1348
722
-807
-277
1477
-389
-1117
907
1537
-711
-1045
1937
1734
1330
-570
1081
1434
-173
468
-1585
-914
924
-1922
-151
-1149
471
1979
-656
2027
-1448
-1396
1198
-106
1771
-1860
33
-78
-17
580
-1236
1692
1339
1269
609
1557
-205
-152
179
1714
1928
49
1770
-1647
1529
-935
1914
295
-1872
964
-884
1597
-932
1756
-1502
-1582
1027
-1011
-1422
251
-946
62
-462
966
583
-1727
1764
972
449
-805
-741
-1124
-1308
-1085
117
977
-1235
-1240
-1136
1773
428
990
393
-1895
625
-1491
1872
393
-1769
-782
1651
-799
1623
1887
895
-39
199
-1022
-537
220
-943
-1020
-1219
-291
-1869
-1579
-1057
1492
709
474
723
-1654
135
95
1787
-1216
-1071
1899
-174
-1129
-1104
959
-1963
1348
-1957
-1121
-901
-1597
411
-372
1435
1216
-1097
-1843
-1721
1913
672
-1627
-539
-1885
-90
1864
700
517
-1746
1900
161
195
206
-166
1353
-1782
-137
-1407
1860
-1478
-1117
652
-896
-881
411
-65
-1744
-767
430
1180
-1724
-1930
1072
996
533
812
-147
-1111
1653
1356
1852
-891
743
385
-1426
-20
1029
1705
-600
-915
1294
-1675
3
739
106
-284
276
-1139
-1998
-856
-930
1504
-1892
65
-1478
-1478
589
-1580
514
-2032
1644
927
1423
2027
-1431
-1251
-1583
991
1388
-896
-878
1390
1409
-550
858
1018
1559
638
-1208
-1414
-477
-1070
-565
1926
1938
-1966
-1437
1715
-458
-547
277
-520
-53
-2019
1458
1603
873
0
-60
564
-1531
-697
1819
422
1533
-267
-1782
-690
992
952
-530
281
-1546
1822
865
-1921
209
1166
-1359
-1185
706
-774
1943
1723
-1033
-1994
1895
2040
357
1764
1078
-597
108
1525
1091
-797
1263
123
369
1525
26
-1786
178
-105
1411
-192
-646
-1227
215
735
-1798
428
442
196
-1722
795
-2027
824
42
205
1660
-1457
-573
1088
-791
-702
-356
544
-1706
462
385
1077
-1894
621
-834
296
-739
-1945
1736
1309
-636
-1373
617
-1524
-1744
-444
-1511
-1355
-887
465
677
1873
-1275
-2042
-1758
-323
213
785
-1077
-1256
-1483
-649
-1491
-789
-1490
-1765
1060
-1125
1778
-1580
-1039
-464
-621
-978
-1272
-1196
-1279
1378
1494
-1145
1138
1408
1598
1130
1271
156
179
34
559
13
1036
-88
1571
-1880
-25
788
-2007
-312
-1669
-310
-1358
-687
755
93
32
82
1318
595
1114
123
1932
-1674
1329
-2010
-366
717
-121
1781
1027
1336
785
1298
-1606
1384
-1333
698
557
1880
980
-687
1854
1058
-1814
-334
702
1823
1061
2013
-1797
330
1338
975
266
-572
1506
-1165
747
-382
650
-71
-192
1033
-1741
-1349
181
-220
-934
1210
774
1915
1024
1573
1903
-471
668
-1196
-1374
-269
-7
-1256
-1021
-151
2025
-756
611
1686
1757
-1927
1490
1118
-1522
213
695
-1185
1381
212
1537
-942
-751
215
-390
-538
-908
471
-1280
2026
188
412
-1583
1229
-1842
-1733
-1892
-1966
-1920
704
371
1656
-1731
-223
-892
401
-572
265
-1433
577
-1246
-528
1842
-1892
1212
489
530
284
1394
-117
335
1166
-1114
126
1766
1454
-1482
2046
1393
-1128
-929
1010
349
977
1616
1453
1644
790
-1901
1880
1385
1922
2034
-303
-1546
-1183
-1987
-1288
1127
843
836
1148
-65
-309
672
1777
1897
-489
-607
795
-753
-959
-1606
1926
-1528
-1938
1840
-1984
1206
1338
10
-1386
-631
305
-1266
1524
900
1837
245
1705
-876
447
-597
-1139
-1762
-1948
872
893
1854
-1660
475
-1092
1353
69
-239
-1068
-98
246
-977
-1973
446
799
-1041
212
-342
-993
-838
-1254
58
-1721
1120
1756
-1612
1125
1890
1191
1330
-1613
419
940
51
502
659
-2044
1750
14
-1356
1551
-1516
-897
1108
-993
-1898
1589
-599
-260
-417
-1186
1504
-1361
-1277
-1765
-1148
1040
-1425
-690
1452
1120
-1986
290
-409
919
376
-136
-46
657
1209
1527
571
485
-864
-1035
1265
-409
-894
1473
2003
-1993
860
1984
1933
1375
1242
1997
-1424
-784
1133
-2007
1985
859
-1424
688
-79
-671
1832
1927
1401
-1532
976
-560
-1515
227
-701
425
272
-601
131
1624
1467
-646
-767
-156
613
-105
-930
-71
1986
1483
-1050
-1591
-418
-548
-144
1899
2035
-1870
449
-845
721
104
588
1104
-781
-1532
-962
210
247
-1090
-306
-1693
724
-761
-1333
1305
-469
241
1334
991
1071
-2006
-1270
-94
819
824
-545
-780
-625
-1472
-600
-513
508
-1326
-201
1710
860
-1751
-1123
-761
-1618
-670
72
-874
579
485
991
0
316
970
-86
-128
494
554
-1639
-178
122
1384
1743
1271
584
839
-1371
1654
-134
193
489
522
-1241
-354
1706
-1605
1138
-1627
1043
-1665
1626
876
-367
-1294
-2018
1205
12
1406
-948
1571
1104
1537
-1947
-1924
-690
1213
-1313
277
869
-853
421
-1091
411
760
-274
-355
-1660
-1591
1612
-1679
1796
1272
-2020
1207
1995
1034
-793
511
1615
-2
-228
-1516
1149
-2021
-863
532
-553
1177
1651
-902
1283
548
61
1721
-811
1277
-606
196
-1923
-277
1911
1800
-1241
-332
-337
1068
-1362
-978
-300
-1230
1398
-54
-443
1816
1899
144
1498
-1798
1503
-139
1567
-1712
1655
759
-1062
-591
241
529
509
-96
1973
-1727
-1293
-623
-201
172
1778
-1281
2030
1654
-1601
137
-1251
-1052
-710
-1782
1519
132
-1211
1153
-1192
579
1122
1531
36
1331
1391
-756
426
542
-1521
-2012
665
1730
1523
-1922
1579
-328
-1292
-858
-648
1996
-614
643
1772
251
1657
-551
-1054
-332
-1535
-984
1048
-1130
-849
-1295
845
-1935
1494
307
135
-1409
-345
-1748
849
727
1910
798
-332
1526
-1692
1637
-560
1619
1529
340
559
246
789
1323
-97
1790
-838
1780
-639
-1276
733
-1499
417
1340
1343
1545
1128
-642
-1297
766
-1454
1469
-79
-2010
-1361
-927
-727
-304
1956
-1806
401
-917
1854
618
552
-48
-1650
-1556
785
-1258
981
186
-1344
-357
1201
-842
699
1641
260
-1573
982
1744
1483
1048
1939
274
1713
57
1236
1335
-687
1739
-1616
491
-1779
31
91
-197
-1128
-997
-1744
-693
-1568
-769
-118
-1055
1397
2032
-1095
-1110
-409
-1465
-92
1596
-1724
-399
-1963
1478
398
1947
-1494
322
-951
1744
-1600
-452
-1378
-1906
-154
1289
-1874
1490
-209
111
80
-99
-1178
-628
971
1929
895
-747
110
1248
-672
710
1270
168
732
-1026
963
-13
-1644
601
1197
-214
1738
-1161
1676
-674
-626
649
-954
638
175
1275
-678
1913
-281
1723
-520
798
-1345
-140
-425
-1343
-918
-675
-652
395
1885
1732
1803
-647
-1617
-206
201
1218
1788
237
1678
749
-730
-2001
473
38
-945
-1921
1053
524
-1903
412
-2014
-1843
1783
1162
-1495
1895
1000
1493
771
579
-829
1549
-555
-1349
707
1352
-889
-1330
-1763
691
-1299
-50
-1009
1295
-914
-266
-1245
1310
-970
-1317
-942
-287
981
-846
-1515
-1386
-1975
81
-1447
-1417
-1729
-545
-1998
1562
-1341
-2021
1609
-1941
-778
567
-1015
272
510
-964
-1225
1658
-505
184
-1978
291
-1743
-1285
-1270
1348
1932
-1934
-1578
-1080
1771
1122
-773
1895
-388
-1846
1166
-240
-2002
-1207
1638
548
1996
-1736
1605
-2040
-68
425
1560
1884
-206
-1951
-1972
-408
529
-1895
-1533
272
1567
-1361
1880
-559
1444
-1158
1890
1602
859
83
-1533
1121
-90
-313
-658
342
-1298
-1345
-651
-303
1322
-1475
-1468
-46
1666
-1667
197
-1566
-1834
1646
-1416
915
1613
1677
1696
346
-810
1501
-1290
-635
580
-1488
1386
1127
369
363
1372
-1625
981
-508
-560
1892
2027
71
-310
1179
17
1980
-57
-1246
489
845
270
682
-1472
823
1543
392
1334
-1068
1628
21
1761
1006
-22
1997
-1012
1500
-156
766
1841
1532
433
-522
-1611
-557
-1067
1706
1275
1658
859
976
-1096
-1644
-674
-1990
1787
-1195
1478
886
-166
-762
-743
-821
1444
649
1625
284
930
531
-1186
-1760
-1967
231
-1770
-1941
-52
-1000
531
661
741
-2004
273
-202
1557
-336
357
426
-1031
-882
-137
1466
-1247
23
-272
-546
834
468
216
-973
-1630
-293
-172
-1274
161
1980
270
1507
-1387
765
586
29
888
-541
-655
428
-1573
679
-1765
-132
-1397
1806
-629
-26
-184
541
-131
-1928
-966
1032
-1474
-566
1054
1865
-257
-1406
1858
-581
-1195
-444
-766
-1881
1223
429
996
1754
897
-2002
73
-113
470
1193
-658
-758
725
511
223
1563
-604
-986
-950
321
1948
759
1392
-1962
833
-1112
-1931
-34
1460
412
1054
218
232
986
-929
-12
-950
1989
-1373
-1778
487
1601
70
552
522
1037
-1328
1161
-1255
610
1531
1784
-49
170
925
53
433
1112
-743
1127
418
1983
-367
-866
1172
-796
1951
804
1609
-729
-1642
-1063
7
-1317
1819
-1246
1333
1420
1360
-1327
988
-492
-1503
1934
738
809
-28
-512
1037
-1087
572
-1442
-1110
-69
1033
-1632
-1081
-974
-1428
1807
-761
-1008
1226
-708
-1313
-1520
1500
-731
1348
-778
-647
-1335
1470
-1275
-185
-1596
423
-617
-459
277
-59
-1583
145
-1793
756
-178
-805
450
-2044
-1578
-1273
-393
122
-287
610
-1388
126
-1012
2012
-663
385
1843
-851
-1472
2010
-660
-1716
-1994
1323
-1682
-838
-1874
-653
1733
1005
-172
205
630
-1692
-1377
2011
1545
-1858
1974
-859
1553
-399
-1843
1517
-1791
1877
162
1809
1847
41
625
541
362
202
231
1594
1535
-1197
840
97
-1365
717
930
25
-1296
-1635
1270
-393
-1863
864
-935
252
1973
635
996
-356
-1878
1254
-1395
-1921
1378
130
-110
1211
-1394
-1364
1217
1245
-2046
786
-442
-503
-819
1490
758
1245
-89
1169
-952
-1281
236
713
127
2043
-264
-761
-399
998
460
-234
-672
1317
-236
-1757
61
-65
836
-105
1800
-37
-1800
-569
1353
1419
838
-186
154
956
-951
-20
1590
49
1121
-425
627
-359
-1123
-1787
271
-867
-1604
-1588
-1703
204
1569
-58
1290
-1416
-909
893
-792
-970
1731
-661
466
1856
640
660
1432
-1673
185
1886
548
-1061
-260
1127
-1504
-1083
386
1374
-1544
1139
971
1496
-972
-1262
94
-1023
-1
-1271
-804
-745
-795
-848
804
950
-1362
-982
-858
-1069
67
614
151
1085
-1889
-431
579
488
-1907
2031
-2010
-902
-913
918
227
-1929
177
1773
1813
-321
1037
-544
178
-675
-402
-1716
813
-1640
887
-655
301
1846
936
521
698
1260
-1311
506
1265
-1593
1893
1162
-1515
-1111
75
1562
-272
701
-492
574
1675
-1601
1185
-708
-1772
1807
-1711
1730
-303
1705
-987
-1036
-931
-1883
1817
-1415
181
1124
605
716
614
-906
-1921
898
1149
-1350
377
898
-1946
-1741
1947
-707
-638
1812
1299
-1880
-1150
1593
1337
-490
84
-1845
116
1980
1721
794
1452
1001
1619
439
57
1479
-1490
-144
1345
-320
1702
875
-140
1598
964
-1221
-1007
505
-851
174
-1997
-903
364
1958
-1728
1016
988
-1149
1917
1924
1183
73
-585
1074
282
1930
-822
124
-138
1205
-442
-85
368
-1796
-824
814
792
-1371
1333
-1043
1599
1996
-72
-1703
1964
106
-1199
102
1766
-108
805
50
1448
2044
76
1604
-54
923
1810
133
-1886
589
-1348
1704
1746
-111
-365
286
884
801
1876
-156
-661
-889
-1067
-1095
-506
1371
-61
1553
1992
632
-92
-937
1088
1965
201
432
472
-453
1101
782
-332
-1597
2040
670
-1691
977
-1016
72
-904
461
184
272
1484
1349
-1364
858
1696
665
-1842
-1554
1331
1501
768
945
1304
-1544
1095
547
1786
462
-154
-941
-799
-92
-1799
-1937
-1074
598
-537
467
-58
-858
-1747
-640
779
1614
1995
-1327
1429
775
1541
-1367
-590
1831
-869
692
1708
-487
292
-278
-354
596
-1929
-236
0
778
1484
-1419
87
-209
-505
-168
-1900
-1522
379
152
-1985
-1732
-1088
-267
100
1998
1000
-1997
-220
1775
1178
507
196
-133
-385
619
1892
1249
1097
1063
1559
1297
-1224
13
-1947
-675
1737
598
-1254
-1968
759
-728
1908
1139
-1159
1650
-650
-30
-1197
-1226
1609
132
-1147
-558
1004
-725
946
432
-332
1819
-1052
496
-552
93
-1519
-745
1002
1626
684
-1085
1052
1306
-270
1102
321
705
2014
-1721
922
-141
252
-868
-453
364
-1627
-595
-1790
345
2022
990
32
1731
-1036
990
1556
148
1750
-1689
259
411
-1097
-1159
-1939
1286
-453
-747
1062
-1348
-687
-1998
-1644
1916
1289
-756
-25
224
-353
-1100
163
-1820
380
-1608
1279
-1746
1113
493
-685
-1562
-1747
-1965
-1190
-1021
-1279
1990
1118
-1266
167
-1062
-984
1614
789
1096
1409
-701
632
-917
409
1872
230
-965
705
-1341
1432
1304
992
703
1965
-2005
314
130
-1199
46
-1100
-150
-1989
1255
-1191
16
-880
-1571
570
-1467
-1298
1647
-900
456
-338
347
1653
1509
-700
1344
-493
-100
1954
132
7
-385
-1353
-468
-475
39
-1623
461
1907
-1498
-1758
-891
1857
-1449
-439
-838
-1064
-589
133
1749
502
-1698
-1811
189
-514
-516
1609
1528
1941
-1733
-1850
1684
-1800
1403
1000
-359
-371
913
567
-2
24
1656
262
1328
-2027
1289
1965
-531
-1430
395
-1791
1144
1879
784
-1573
1328
899
-1886
999
-450
-1512
-1523
1894
-1659
-1560
1635
-1294
-346
-1377
-1017
1063
1803
689
547
75
-1549
841
1984
-100
590
-1319
-2025
622
-859
-1169
59
766
1678
-577
-480
724
1560
1446
-856
-327
-1367
-1713
-774
-2005
1428
1959
-1838
-192
1091
1904
1493
996
440
878
-526
365
404
1283
-914
853
622
-1551
-1028
-442
371
-457
-652
1053
1348
-216
-1209
1572
502
-1958
-1646
1055
1077
1960
-320
872
-658
285
-837
1240
1763
1940
-390
-892
-557
-1205
-1533
-1490
1599
-1282
689
-647
-330
210
975
-859
-1369
-67
1864
221
1410
623
-1896
1810
-920
-1847
-84
50
-1969
-869
-1042
1980
-317
728
796
955
-1284
-1539
1051
-804
-690
672
-1653
-1594
-1302
-1198
1054
1172
976
1113
184
-685
253
-844
-1520
-1930
-1900
1232
493
1095
553
98
-1533
-962
268
-1055
4
-771
1627
1769
-679
-1989
-1767
80
