1316
203
763
-1413
-441
51
-809
-428
-875
-136
-1005
-1927
857
1191
1843
983
1120
1639
-253
623
-862
-305
1299
1665
1940
-87
-434
-517
682
-1902
-1886
-427
1595
-1208
1938
-1144
1400
1727
1776
81
706
-679
-218
-1430
469
1683
660
-1801
-703
-1807
1932
1985
145
1045
-497
-605
1194
6
-763
106
1970
387
-444
-773
1540
80
-813
-575
1437
1946
1237
1577
371
1287
168
1389
-483
1755
-1416
-219
-697
1439
1508
1049
354
439
284
460
-267
-1684
-1852
-1268
1280
1961
1587
-2027
512
-1995
-1145
-1859
1734
-1712
-836
-259
1238
-58
395
1115
396
-675
1869
-1886
911
1630
1615
1091
-1028
-362
-1494
1296
-1871
541
-1946
1880
-1733
-1370
-757
-1476
-1079
-686
82
-1696
910
-1550
1306
679
1561
-61
-1165
-1478
-1803
-1961
-331
-1211
1300
1260
684
31
398
1748
-224
2044
726
1825
1333
-827
-2000
-454
1599
1897
-877
1956
-211
-672
-863
-1377
-1993
-692
-281
-1105
1071
-582
-2039
2033
1762
-1014
41
1629
1511
1560
-1250
1897
880
1312
163
1966
-393
-984
-418
1493
-76
-1920
-1870
-1980
1756
-316
-977
-1285
1933
-1338
-798
-1492
337
1220
-786
-1592
-1474
-1395
-1
1697
-120
1709
-786
-1652
-1132
-885
-1273
181
-804
-1197
1134
17
1317
1711
783
1233
1152
-159
-1669
1200
-149
562
1321
-682
-1130
-16
945
1097
-1339
-890
30
1022
1822
-18
-1511
-456
126
-185
1070
-1955
1546
127
696
552
956
1816
187
788
1802
1113
-945
1781
-1449
370
2013
-446
619
1533
-1580
607
1439
-1712
-15
-1389
-34
-1805
2045
-1608
814
-1307
-1272
-1661
35
-545
1210
896
-637
1587
-935
1125
701
421
131
518
1181
-1884
917
-1925
-132
-154
436
-302
1690
1378
1591
-47
-1025
-663
461
-230
37
1262
-331
-192
1330
-757
-860
-1750
-797
858
-1626
310
1203
1416
-1666
675
-43
1438
-1818
1409
-1505
458
1577
-49
-1113
-548
1172
-505
85
-1776
-1024
-1097
739
1654
537
99
1723
-1392
1735
339
-2001
-954
-1790
1166
1622
1045
1449
-614
1614
-120
-549
-1961
-1312
-1150
-525
624
-1965
1008
-1279
-37
1990
814
2007
683
-1675
1927
-171
-1289
311
361
-720
-287
1304
-1906
-1308
1934
233
690
516
-1221
-343
567
385
-1816
-255
-243
-202
1593
-1706
-1923
-1198
-1079
1742
-1497
1768
-1950
2013
-1359
-1218
-77
-112
1667
-1272
1232
-962
1322
864
-782
252
913
-618
736
-196
-1587
-157
-95
-1032
-351
778
-1902
-2037
1907
-838
-91
-260
-287
-368
-508
-1098
-1925
-1814
-621
-351
1084
43
468
-875
-8
-598
-890
-1541
311
-786
1646
426
-479
766
227
745
1952
-1804
70
-529
884
-185
-996
618
87
-1165
-758
-119
-1292
-727
-701
191
1500
1187
-1090
-255
811
-120
-333
-1635
-1545
-597
-560
1625
-429
-1192
-1907
1078
-477
-1444
-1772
-2010
308
-157
48
1875
1815
1285
688
-399
-1752
520
-855
304
800
-987
-1272
-1595
221
-795
2039
-1166
-1166
-1544
626
2034
-962
-412
1384
749
-1945
-483
-234
-1294
777
-1708
1215
-1151
187
266
-1150
1925
672
-1453
-1437
1966
-1101
-1653
1620
1028
-376
-1213
1134
-931
-485
-1014
-1324
-286
2042
-867
1221
-1965
-1441
-1029
-1450
1340
1134
-839
2043
1993
-1168
1803
-315
361
-1297
1286
324
-1048
683
606
-523
-1710
127
1343
837
-492
182
417
1520
1234
-1172
1136
-540
1879
301
38
-1469
1044
1400
15
-1805
931
361
992
-1517
-581
1304
233
988
-1796
-1510
602
1877
-747
1403
-486
579
-1373
981
-114
1750
-1984
1445
1489
-645
47
-344
-323
305
1577
1632
1072
769
-1902
1143
-722
-825
-864
-211
-11
2031
254
-397
-289
-1896
-477
533
1314
-1719
2020
1370
1317
20
-38
1670
1445
315
948
1228
1858
-27
-174
764
2000
-1686
1447
-1676
1245
901
65
-588
-1312
506
124
546
-1414
1014
-1485
-956
-1710
1478
-1264
-1032
-47
-189
-480
-1494
340
846
1786
335
-1998
255
-1021
-445
-1277
694
790
962
-848
955
76
1847
1178
177
494
-1788
-1948
865
348
1753
-847
1617
-987
684
-387
-1917
1230
1125
572
1492
1735
-1773
610
1168
1238
-565
684
1111
1434
227
-1624
1821
-651
-57
-551
-1919
327
987
0
1001
-1632
-750
2025
1548
-1664
1100
1317
504
-1939
-933
315
-409
-1256
931
-859
-1135
529
1351
-997
-497
520
988
1942
1831
1257
1126
-1918
-246
-150
-1046
100
328
603
-513
-570
-1992
-1204
1783
86
-167
955
2011
-1493
401
-1386
1733
1834
856
-235
531
108
1393
198
200
-866
-1889
999
1699
-1219
1705
1452
-431
971
351
2007
-2023
-350
930
1801
1950
-1887
-680
-1206
1799
-164
-416
-476
490
-226
306
-537
1696
-2011
373
333
-1969
-860
1799
-1238
-2039
1257
-1545
-1696
1962
796
-71
1724
1201
-1026
-446
783
1410
1568
-714
224
-73
-735
-1585
1112
-1613
517
-567
-1356
1543
-356
1504
-593
805
-801
61
621
1433
42
1846
-196
-125
-1681
-1788
-105
898
-1040
-1898
-1530
-588
1031
57
1812
-1789
-699
-1451
1276
873
352
176
-184
-132
1415
-297
-502
-615
1870
-41
-1029
868
1749
-1038
-263
974
1917
1688
-1449
1566
-849
-1731
-410
1679
1032
817
1211
1728
-1392
864
1164
148
1554
-1048
1687
-1582
-1920
-945
-1002
765
-444
-1352
-2026
2032
1409
92
1722
1141
1847
-1540
-1585
-1154
-2038
-1941
-511
-1206
487
-1545
-1936
1293
1090
219
1977
-1438
1006
1871
57
-259
106
-615
1689
-1730
-44
-1399
-1911
1990
-256
749
-353
-302
-201
-1966
-199
-1168
1770
-1172
1401
1885
1778
-1308
-1014
961
414
672
1768
-720
-719
-967
996
1939
1814
-803
1270
-945
-1692
-1730
1058
239
-37
974
-975
-1751
1592
1514
-591
554
1245
36
968
542
-635
-1439
-2002
498
1373
-2039
433
1036
1537
211
1273
1610
-1365
-1380
-1378
-1607
-1246
-881
-1477
1649
476
97
1522
-463
1711
448
-587
-1083
898
-1902
-583
-1493
1153
1624
1979
-1668
310
-1186
606
1082
2039
957
1528
884
292
-1747
-1391
-1006
-1139
382
1567
-1063
-117
-322
1755
-1902
567
242
168
-82
-484
1603
358
237
732
453
-1180
-1422
-1701
-664
368
-1880
1426
1913
-1016
-1913
-1052
-1984
-1303
1663
-1302
2006
690
165
1953
-1736
469
-414
1299
-1464
1107
-963
-767
1512
-1593
1575
-1259
33
-757
1706
2038
226
-1764
-656
-575
-523
620
-1134
-1248
88
-1964
59
1740
-597
-562
-1049
161
-1578
1339
-857
-1606
428
1632
545
-1749
-1339
541
871
-337
241
866
-700
183
1539
-1850
-1181
-169
1021
-488
-1334
363
-420
-1647
10
-617
-1329
-1069
1948
-961
1495
-414
727
-956
954
2013
-12
-86
-1489
-1656
1931
450
-1211
1374
1550
1087
1529
-1911
892
-869
-813
277
-2045
1850
-260
753
1984
495
-922
-1241
-939
-1298
-1733
-758
-421
-513
303
190
-605
1324
1816
1646
577
-398
-1747
-584
-731
946
-409
-843
-1425
-325
-619
-481
1068
-422
-1462
-1564
-57
-431
87
1969
-879
-163
554
1772
1539
-1825
-1420
854
-2046
-1662
-620
-1511
-122
-1945
837
-409
-420
1067
-792
-1715
1042
-1707
-1841
-1016
-1313
1388
-215
-1955
654
-1925
212
-410
88
502
-877
-1223
1433
771
-1262
-31
-957
-1271
-453
1046
805
89
-969
1065
200
579
-1391
1412
-262
-531
-1551
-1715
-569
-1157
-295
108
-2014
1272
-43
172
178
1122
-622
1546
-1709
572
1343
2041
887
-1466
-1589
1492
1086
1934
-983
-1530
578
1421
1899
-182
-35
-137
213
-115
55
863
-1936
-71
398
-1364
662
2045
803
1282
-258
1017
-1712
-125
-673
548
-491
-682
-875
1549
-1856
854
-944
-834
734
1052
1534
-329
-724
1489
-704
1802
675
1881
1111
757
1150
1585
-731
-1708
1330
629
-1304
1418
1317
-1414
1391
-698
-152
880
-1534
1107
223
140
614
-418
115
1531
1731
-1634
-1407
329
-1448
-1486
-482
-896
-38
-1680
1701
-637
-566
-1882
2020
-236
1813
699
-162
-783
-1883
1058
-1755
-1937
-2029
-886
687
1814
-972
-1612
533
-1869
941
1794
1063
-494
-1490
-1785
-44
1600
-1901
-1918
-1719
853
-1887
-907
-1216
1138
136
-391
-1815
-411
1739
236
1753
-1988
-1312
-1432
1417
-662
-1283
1486
921
704
-1111
673
-1376
1996
313
-838
1176
-1552
2034
-225
1207
-1351
770
324
-1594
1764
1779
-1497
-855
1916
-24
177
-1667
613
25
-775
-613
-1021
-233
-1656
277
1833
-492
100
-495
-757
478
-1249
1116
562
-308
-1713
985
-1411
-227
-739
1019
-1799
-1974
-1766
-1291
1420
-102
1764
728
-618
-1397
-1506
1883
234
859
-268
604
-1814
1611
-18
-1575
704
2017
-1494
-591
657
189
933
-94
193
1879
773
-1046
-270
-980
1052
1291
-490
-1873
223
288
-1264
-623
519
795
826
-1873
1776
1665
-397
1825
15
0
2005
1013
882
323
-1296
-56
-297
-1390
1653
-1554
1680
143
600
-133
-783
-1881
575
152
-1699
-1434
-1487
-1883
703
114
1683
373
-862
-163
1336
1632
593
1221
-1890
1840
1978
-665
-1273
1977
799
-963
720
1111
-175
-1675
1387
-53
451
-1180
610
-1289
-1029
-2026
-1034
723
-1119
-1586
-348
-728
-1817
-770
1322
-1973
-398
-1517
591
-364
609
-1655
1519
-1595
980
-826
-298
-289
-935
536
1705
1769
189
1621
385
1287
-1858
637
1651
1607
214
-28
674
952
1512
-1734
1075
-1259
1500
-1280
1687
-381
-787
439
1441
2020
734
94
-1835
-2033
1986
1409
1095
1629
-1161
385
-1844
314
1928
-941
-1950
-1087
-281
1345
215
301
661
802
-1608
625
1846
1878
-246
-433
641
549
-401
122
1082
714
2019
59
-1488
-1612
-69
738
-1412
-168
-1256
671
-1106
-479
-887
1552
-476
-1597
529
268
1561
-1393
534
780
472
-234
163
941
879
672
639
-1609
375
730
-142
1281
-451
-1233
304
-18
204
-1989
-1938
-1931
1875
468
-681
-596
1593
1547
-720
-1560
875
-1139
559
-508
-1716
-541
-173
-448
-1880
533
1373
-734
-711
-527
683
-823
1040
-1929
-1257
-1238
-160
1528
380
-1640
-239
-446
-1966
-1004
421
1819
-1383
-1833
-831
-1551
-1314
-911
-1843
1686
365
776
1847
533
-146
799
1716
-1153
-2029
569
1236
-627
-623
2042
-1890
-167
-1242
19
-678
657
407
1895
311
-1605
1982
-775
1808
-819
-911
-1310
1740
-321
823
2039
990
588
365
-405
-711
-1915
-786
-55
1588
-138
-1532
-1280
990
903
494
1179
1541
468
1896
-544
-105
1532
-1369
756
-609
-1548
-1476
1245
-1928
-1519
-1438
-156
1651
-1014
2041
1938
929
786
-1835
-1229
-541
1967
1674
1415
247
1447
-625
-1524
-1577
-391
1439
326
1208
-1325
1367
125
1385
372
-501
103
1311
1523
-1661
902
-647
-582
-246
-1914
994
1482
296
249
1295
-63
388
289
-1111
-1973
1123
-1824
-1559
1481
-1743
642
-1682
-1681
-1683
-56
185
-1754
-1115
-1675
-1574
1284
928
520
396
1641
1390
2044
642
861
-872
-23
-1033
-857
1283
-1264
-214
-1810
-258
-1340
-1212
-1160
935
-750
-1325
217
-1146
-1260
662
-2027
1101
-653
-799
-1398
-77
1908
-1798
328
88
1303
539
523
1687
1171
-688
-1435
-1445
-53
-1625
-1149
-1135
1542
-1458
1291
-328
646
-548
-1681
1746
-2008
590
529
-1464
1736
298
1528
-1005
-1341
-1240
289
-302
708
1753
1826
754
1236
475
1911
-618
1669
-67
1511
384
-1754
-427
1398
-90
1550
721
82
143
975
-268
815
1096
-1958
-1564
-387
522
-1844
1060
-1052
-704
844
-1533
644
309
-1201
990
102
254
-848
-1
-1167
1247
1594
-759
-1916
-1321
2030
-1838
766
-1149
-665
727
-1216
267
-1803
-539
-405
-1710
-45
-2009
1558
-1818
974
-666
-1504
62
745
670
-1235
153
356
1651
-1958
-1559
-364
-515
-419
1863
259
326
-1349
-1155
581
1814
-1712
-1341
-276
-1217
-308
-1145
-1271
1787
-404
860
1986
-271
1393
435
602
1509
715
1448
256
22
-687
-1919
-483
-472
1807
535
-449
885
-2021
-1827
-1704
1803
1838
-1381
-1147
-1353
723
1974
-515
-90
-1747
1570
1145
-993
-1779
-630
1943
387
707
-1496
150
-429
-1288
-69
1772
869
-501
508
-978
-8
-376
1033
-378
983
1263
-961
1657
832
876
1500
44
955
-1084
1548
-868
1406
523
1407
869
-1847
659
-947
-1681
-1396
-677
-1704
-824
-9
1427
-1334
625
1075
-72
-1793
-441
2012
1120
339
-1657
-626
-1363
-1443
-1924
-1278
-1985
1736
-1115
567
415
-1884
1227
522
315
524
1160
-1642
1911
-706
142
1530
603
235
-184
-533
1839
694
278
-1466
1169
1276
-1071
1911
-168
-1660
-1868
1751
-1849
-409
364
896
-1913
1734
1178
-1499
186
-872
1566
-199
-320
1285
-1066
-1284
1769
-784
768
-340
1479
-317
1787
633
-687
-169
-638
1940
100
-1264
-1785
1484
-1240
-1842
-604
-2008
651
1041
235
2032
398
-1063
-1756
434
1677
-142
-944
-1183
-213
-262
-1143
-162
-729
185
770
-1108
-1363
-1796
818
171
121
-600
911
1799
-947
-1217
-1200
6
527
-910
-1888
-43
-456
501
-1348
-715
-1102
1005
-165
-519
-1047
588
-31
954
-1217
1471
1725
-1972
-1932
-386
379
1331
363
-1439
-46
-547
958
2011
-946
-106
-1152
1820
1755
1840
1713
1746
1479
1889
-25
1555
-639
1908
-434
198
-1115
-559
1492
-2039
-564
1424
-588
1006
-1945
-1312
-63
-1992
-457
1337
-214
290
1235
858
213
-1503
-364
2032
-1025
-1136
-413
722
1369
-1750
1514
-530
865
1632
-1403
381
1536
585
-1714
-264
-1987
-1954
-266
-500
-466
-104
910
827
-553
-663
1775
879
-733
-568
1531
1023
-1128
-508
-679
659
-1493
924
-1549
-935
-109
1199
968
2039
934
847
-1168
444
-2022
-1712
-346
1360
277
-550
1173
-869
-976
-1439
-502
1796
0
50
534
-1840
-1282
-954
-1101
-604
993
653
-1901
1555
-1495
1637
1493
841
249
365
740
98
-1255
1607
-277
1272
-1521
-1858
362
-1993
-195
152
-1444
2010
-1763
-1843
552
718
811
-2006
-465
628
-1281
-701
-1551
-1437
-1845
718
418
460
1534
-511
1640
1580
-1975
1096
174
639
858
496
279
655
39
1788
-902
1479
945
-1081
-1213
249
-989
-1350
196
-1424
1642
-1872
-1318
2019
-1276
338
1600
432
-1012
-1801
63
-1366
-1163
332
-1579
-2023
-1166
-1391
-755
334
1977
1619
210
-1479
525
-603
952
-1973
-1956
1982
546
-658
1796
-1291
-1981
36
1466
-776
-935
1146
-1726
1088
-1614
1311
170
1993
182
-2012
115
1694
-862
1725
-1571
-832
-1237
-1114
-1779
1712
-339
1854
82
322
-208
1341
790
-292
-1337
-1263
-324
2009
424
642
-1004
1894
1679
37
-73
565
1957
187
-1098
144
151
1353
278
315
540
291
-1129
1669
1919
-1699
-504
-1276
-375
291
475
1885
553
-1419
-2003
-327
1163
-397
1733
757
183
-755
1955
-388
-1935
-211
-710
-831
-361
773
-1518
1826
-1377
1493
1575
1925
-666
-1369
-1930
-515
-1019
-1707
1789
798
217
-634
-1003
-917
-143
-1845
-1298
1030
904
1901
-1470
391
-45
886
1842
-776
-849
-730
-236
428
888
-903
-1456
610
-304
-1239
-234
-1048
1070
631
-485
-20
1895
1114
2011
-670
1116
857
1257
1982
1900
-1880
1942
-1343
-1781
974
-1656
1001
-810
-1149
901
1895
209
723
-1501
405
1276
623
1381
694
-48
301
1593
-448
17
879
1995
812
-1932
1226
1903
-302
-681
-1193
-1676
1925
-1722
25
-699
-1861
-1940
1048
-144
1472
1953
1353
972
1255
-142
784
-414
28
-158
-632
-679
1215
-1479
1826
650
2039
-152
-1000
1792
249
-1474
-288
-288
1718
-1233
1395
46
-1421
-1097
-373
-1288
1154
-1727
591
-757
1258
-132
-480
-2044
1281
1690
1671
-1057
959
1509
1845
1183
521
1800
1034
1390
129
672
-1301
1957
-977
-1434
428
56
906
358
1946
-1563
-1711
-300
-531
-348
1661
942
1714
1732
-1774
2023
1449
38
-1858
-176
-1454
-1038
1859
704
1736
-675
-578
1547
737
-43
1086
-252
1732
1793
-664
-494
1202
1819
-1239
1246
1338
-14
-434
871
1387
290
-469
-18
601
-1541
479
-1457
-1667
836
163
1801
326
-582
-1393
-1393
-1673
-1228
1850
-1766
-394
1374
982
-1097
1885
39
1510
1725
491
606
1099
-1461
-1046
-1256
1005
262
1397
1552
381
-540
932
-573
-571
1275
1739
1350
-545
-1984
1046
203
-785
-978
-601
-305
-1896
1336
203
171
-569
-1501
-574
-795
1853
961
-1967
409
-1226
-311
-810
-1640
408
-69
285
622
-1958
1476
1143
-487
1831
1212
-385
1641
33
-1343
2037
1281
1737
488
1358
-530
727
-1387
1553
1929
50
1667
-1848
1574
-1640
-1666
-323
-604
1883
-93
1818
1968
1971
1577
1210
-1779
493
-333
-476
-1000
536
456
822
858
1669
250
-32
594
1162
1268
-183
1769
1535
10
-259
-1479
-793
-1623
-662
-1345
1697
790
-1223
-306
1090
520
727
-1707
-1728
-1714
1477
1946
-491
1077
-1298
-1430
72
1291
1431
-1821
1321
766
-1947
1963
205
24
925
-1338
-336
-1147
-1397
1119
1388
183
1773
-149
-1264
-43
-408
-16
-1224
1986
-1816
1
-816
1647
978
-1171
123
-94
-1735
-1856
-675
1729
-394
-1527
-627
1080
-1566
-1080
1979
-1401
-1341
1137
-144
-1072
-1247
778
314
-995
-297
1837
-898
-1834
-180
-1774
-2045
-1577
-171
980
-1290
-856
-352
175
-92
1575
35
-698
375
829
763
951
913
-809
-1752
1738
-1661
-52
912
150
1925
1282
1762
-461
-1084
582
-1922
-300
-545
-1986
-237
-1852
-394
-525
-425
663
-1056
1648
294
-1219
-613
-1851
425
1807
1009
-295
-1338
1203
1325
-1081
-1429
1998
-559
1476
-2012
1127
1351
-918
-183
273
1170
-141
-1950
644
-2003
1725
-1785
-259
709
1971
-562
979
582
169
-598
968
1113
-346
536
97
1062
-512
-1097
-804
1676
567
1658
1296
1621
-623
-704
-300
-563
-833
1992
-2020
1839
1839
-1284
130
-1678
98
-391
-1915
669
667
1852
-807
-639
1935
661
124
-1076
-161
-1819
957
-1451
581
-1111
698
195
1434
-459
480
-1487
-1954
1157
-1356
7
2001
-87
1899
-816
-1851
-1251
2000
-2035
-628
-1363
1461
-1828
-605
1056
-1123
-1882
-268
-951
-1061
-1199
-653
-1352
708
-398
-1679
960
-1470
-800
259
1030
300
35
1305
1313
1309
1326
1652
-318
-1834
1477
816
958
-547
1047
-1762
1682
965
490
-650
-871
-1163
-1840
1624
907
-1825
1227
-390
-1855
-1603
-263
1887
-655
917
351
-1311
-93
1946
-1606
2031
-1274
1715
-941
909
324
-959
1189
503
1338
495
-767
-1852
112
-1231
693
1581
1626
642
-1967
1580
1233
-168
789
-1638
-742
1707
-636
-22
-763
1286
1007
2
-1129
-986
-768
-1939
-1905
-1318
-1237
-1178
-1446
385
241
1890
462
398
-758
-1988
1839
643
-2
-1653
-37
732
-1842
-312
-2035
1886
451
350
-1974
1827
822
339
-1606
-273
-665
217
-1806
542
1799
-178
672
-1072
-1540
1028
404
-394
868
1376
360
-899
-1813
1169
1406
82
44
642
-121
1611
575
-427
-747
1749
72
-1565
-59
-1178
-1296
-846
-186
1157
-1566
-1583
188
926
-768
-1792
-1270
1700
-891
-99
-1225
91
-1617
466
-1873
892
-699
85
1147
830
-637
834
-1233
1949
189
-382
-857
-18
-436
-2029
-1685
-1527
-1266
1221
200
166
-1263
-1074
1875
-191
-579
-640
-1763
1500
1522
1503
1808
867
-1123
-187
-1260
-1864
3
1420
-1534
799
-1399
1633
1881
-1920
-262
1763
-1602
-1127
-1244
830
-1068
-1268
1259
-1895
261
-1718
-384
1457
372
-2031
494
-1322
-864
-562
439
-692
-475
1885
1956
-258
-993
1178
1911
1673
628
-1507
1730
86
-1371
-338
1909
-765
-1182
1759
-389
-596
1932
-734
-1061
-1416
-18
207
1502
-1065
1803
701
1175
-1314
701
404
1846
-1723
695
1137
-1861
-682
-99
-421
1341
-1437
518
189
-619
-1519
-790
-84
591
1787
703
1545
-1034
1318
-1786
1095
399
140
-1709
-3
-1223
1636
-1117
1763
-1547
-1669
292
935
-1453
-518
779
-289
843
1347
1233
700
-313
-482
1367
992
1324
-1621
1622
-601
405
435
-622
-904
-40
-1873
-208
-882
528
1989
-826
-117
1790
-1119
94
1882
1699
-1021
1806
220
1687
1795
-1419
1185
914
1050
1163
100
-1664
-137
1390
1907
-100
-1497
-455
1190
-1510
1906
164
1076
-364
-1059
-303
2033
1260
-479
645
1102
-1551
1749
-116
151
1309
1777
95
224
-196
-1616
-1832
-1012
730
591
1542
-936
-891
540
-264
1268
-1082
-223
1398
761
688
-7
671
-966
-708
-693
1626
-1436
1483
1328
-651
-794
-1887
-1756
-626
2028
826
-1351
640
789
-1657
1992
1156
1549
1509
593
-1378
-564
1490
-898
-1870
158
84
-667
1218
935
-46
-298
-1338
23
1201
166
593
677
558
-1547
1526
-1089
716
-821
1857
698
-528
-862
1837
-1348
1013
1044
1612
870
587
605
-994
-983
-796
1250
256
-963
1669
-668
587
-498
-653
290
963
-1967
-600
-1651
-483
-1211
1634
-1353
1481
1178
-974
56
432
-1955
-765
-818
1277
-1710
1982
1307
-1075
1881
1215
-1488
1486
1566
-1893
1017
1692
-1404
1719
-1942
-263
-1692
1327
1879
-386
-522
-207
-1
-1731
-1461
-108
28
-1893
80
-1799
-1668
-1284
-539
-818
1558
403
569
-310
-136
2008
-211
-455
-1653
-1011
1240
-1391
-618
-968
499
1213
-623
1825
-186
-1376
1122
-854
-1845
1542
895
1243
729
1243
-1482
353
1484
-1122
-197
-1909
1671
-38
230
1406
-401
1018
-917
1291
271
-1571
-1892
596
-1499
-624
-849
787
-1497
1494
1879
-353
1037
939
1724
1871
-1384
1617
-598
-1625
1922
1380
-393
139
842
-442
29
-1450
-97
-409
-551
1459
836
-34
-572
-1470
422
-1615
1782
-1056
1163
316
-1141
1175
-1416
1609
1752
-975
-2041
-231
-862
266
1746
1508
323
439
-1980
1373
-74
671
-344
-663
-642
1858
-1223
1456
-1741
632
-1219
-138
-1029
-744
-1302
1005
605
-378
87
-1829
-771
-359
-761
137
1399
1067
85
1770
34
-14
371
-1805
-321
-292
802
-33
1252
-1126
-56
1486
-1437
656
-1992
1283
1032
1997
-1103
-184
1902
-1458
-1165
1785
-1541
-1010
-1960
-228
1957
630
1266
974
-1508
-415
671
-1847
1087
1845
-1061
1806
775
183
-1422
-116
-91
-335
1015
967
-1086
1567
723
606
-1003
1860
-393
121
458
2033
275
1502
-197
428
1381
-779
61
749
713
1062
-1348
-238
-1466
-1489
1985
1095
723
-1386
419
-1260
-143
-1026
-122
-343
1349
-632
724
-1604
1156
-814
1809
-237
573
-1532
88
353
-584
-1203
289
-1589
1969
-689
-1112
-1915
-497
-1574
-165
1812
-1488
-1416
-285
-121
-861
-2006
1794
-2041
-903
1485
-1286
-402
-846
-347
1688
-1252
1584
-432
702
-385
190
976
1125
-1818
348
-774
-1292
2005
142
922
-513
142
1755
536
1846
-1297
-1507
155
171
-929
476
-1921
-1030
-494
1400
1860
720
1562
555
1704
-701
1727
933
-1267
1587
884
1416
1504
645
1797
77
1386
-1213
582
-34
1852
1877
1727
-384
-268
-708
-807
-1434
-355
264
204
-1968
-1487
-174
-501
459
-1133
335
-968
-1691
-1905
696
-650
-1221
-1989
-576
-1721
-892
299
-604
-1163
-1970
1538
1093
-1401
1020
409
-1226
1310
511
107
1170
442
1296
139
-929
-1984
652
-602
1643
-1849
-445
-1415
427
-221
1582
1327
1269
-390
152
41
1541
-910
-1303
1123
1768
-161
979
-188
610
-284
1824
-1815
-1092
618
-623
-851
604
1268
-180
-1763
1460
421
854
-1804
458
-1922
617
626
-1799
1719
-92
1693
-1223
-1476
1419
1462
1909
889
467
-1423
-169
1367
1591
-1716
474
-416
267
-623
-672
718
-1081
-1717
1372
-1310
-1523
-1609
1115
1225
-85
-602
-372
1488
-18
1839
1386
501
1204
-465
-1792
-608
2010
1259
-276
-1868
1331
-886
1027
-369
1970
612
-1889
588
22
-992
1072
-1320
-106
899
-1872
-492
-781
-19
-1552
1729
1643
1646
-1601
-922
-256
1620
1257
165
346
848
-1596
430
-248
-1324
-895
-798
-474
-511
-1544
-1701
1082
1444
1300
-579
-1922
425
1942
164
1022
358
-1448
-191
582
-422
1456
370
166
-360
1654
-260
1744
128
-57
1289
-223
-746
-429
1972
240
-1434
-653
1725
-1137
901
-1403
-1770
-1000
1920
-267
-370
1232
-850
1393
818
-1962
470
-1356
-1107
1797
696
1597
-479
-1715
299
935
1798
-785
119
177
1373
-2026
-957
192
1450
75
130
529
-194
11
1008
-725
801
296
597
740
-1994
-356
58
-1642
-1085
-997
-677
1453
-1493
-533
1868
1630
-276
1888
-1569
-1390
1950
638
1647
-328
305
-241
2041
-23
738
976
1255
-857
1657
-2041
-908
1995
-1769
2001
-1847
-493
-1013
509
-1158
-1393
-1729
-1700
1451
686
-1406
104
-1688
-487
-204
396
-648
-1321
1992
593
-1687
-1460
-1400
-978
-1305
-163
241
292
529
573
-1702
-289
-472
-1456
1017
-405
-19
-1410
-229
-1190
859
-1889
403
-1932
-529
1064
-186
1165
-1271
-828
-308
-526
-1054
1299
1024
-331
-910
-1460
-345
-1912
-1348
1220
-1867
596
-1549
594
-1103
1595
1768
1646
141
-1481
-197
-1793
-1673
-1553
-1907
2009
246
1085
383
-1074
1526
-1368
407
-713
2039
-689
-1632
243
764
-1557
498
486
1681
-3
42
1936
-148
-1809
-1663
1588
1786
-436
880
229
-1922
1224
17
508
1753
-436
-151
-1429
-1298
395
-1189
1083
-659
430
-113
228
-996
-949
-1347
1949
1424
73
705
1124
782
-999
282
1012
985
-630
-1799
1333
-1664
-1549
1166
1175
122
211
757
438
-844
1946
-1006
-1081
-724
-1828
-1041
-719
1641
-663
784
-1311
-253
481
1296
1934
1442
1780
-1278
1960
1077
1770
-1264
-489
-166
1749
716
1643
-558
1505
-629
-773
-205
-1743
-957
269
1371
-344
115
-1548
26
-703
1897
789
1643
1303
-160
-70
1234
-544
-1064
682
1067
-513
-1338
629
-1937
227
2000
-399
718
-267
1839
1312
-327
1408
-626
-1946
-777
-1733
1633
1998
-866
-1646
1596
1444
-759
1905
606
1778
109
-559
793
-1242
623
1629
626
907
541
263
1118
-172
-1321
118
546
-959
884
-1494
-462
-1866
1861
1156
521
-143
-2007
-1705
887
359
1345
-218
-1361
-455
-539
2015
-345
1947
965
-200
-1729
-1960
-941
-208
115
763
-961
-699
-444
-1771
1276
-351
-890
1788
1899
-562
1604
-758
-1228
-1969
-1017
-1487
1596
1682
1109
-1816
-1073
-823
-462
-1424
1673
-313
1684
-1761
-778
-567
-312
1544
-1069
553
-860
640
-566
-62
-1410
472
987
-216
2042
-1067
-515
627
-1712
1096
-180
2000
-434
-1974
1379
-1949
1739
-687
1575
-553
1463
-1296
886
1340
80
847
79
354
764
-1258
-331
-1212
297
-778
-1571
-1289
414
402
-1018
-123
1205
-11
-1160
-2013
-522
1804
1541
-732
1637
-819
-349
833
-1746
-1246
-949
-132
1981
-159
1512
-485
-200
-893
638
-1217
1077
-868
263
1898
1707
-1519
1936
-386
-1254
1260
1274
887
665
1228
-842
-88
1864
966
13
-139
-439
-1327
1124
878
-769
1022
453
2025
-1304
805
332
426
1385
299
-305
-1522
1837
669
-725
281
81
-540
-1847
2038
-1801
390
-106
548
920
1787
530
2024
169
-1436
-830
132
184
-1109
1405
1630
-310
-1660
1060
991
-2006
668
-1549
810
827
1427
1818
1875
695
1025
-1534
371
-340
-1756
-142
-13
-1831
126
1900
683
-578
1286
-546
-1496
-46
-745
671
1139
1608
963
-1933
1557
1263
-1025
-501
-1686
-394
1492
245
-1300
-355
-1430
1405
1259
1483
-271
-1226
-1782
-1181
-1220
367
468
-1989
-973
-1220
832
1766
1711
-466
-1006
764
-1218
897
1763
-802
1782
-254
1336
903
-1461
-1268
-1321
461
-1612
1353
-1001
-1961
-1753
880
-640
-1551
-396
891
-240
-1116
798
1759
-1600
1494
-1504
1048
401
38
-1559
1543
-1341
-731
1861
-875
-929
1963
-1692
-523
1745
-235
-1169
1058
209
-1106
-926
-550
-1779
278
-1725
1674
1812
-57
-1451
1237
521
824
1979
-1329
-193
1586
1511
-100
1924
663
1601
1491
-662
-471
1176
-500
-1317
438
1444
252
-1869
1063
1833
-1847
-379
-314
-487
-855
1326
-959
-1250
-342
653
-34
-1504
1703
210
-450
-759
564
-27
-729
-422
-855
-1220
-1076
1003
-271
-1368
243
1622
637
118
-1914
-656
-330
864
1479
-445
1138
-328
-1034
781
1769
-202
-1451
400
-647
-265
1416
56
1457
-265
857
1680
-1719
-1913
-1422
355
1796
-715
904
-259
-1408
1936
1389
1028
-1594
-1223
327
1377
-865
-360
151
-125
-848
1256
615
-105
-1534
-1339
264
-235
-1194
944
1494
-503
-574
841
-893
1167
752
-1986
814
4
-1648
-1115
252
-982
1845
829
-1977
1262
1902
198
1573
-1760
-241
1300
-863
619
-133
-1724
215
860
322
-918
735
1905
-1674
89
114
-502
-1761
-1096
26
1109
622
1022
-462
-254
-1291
-567
289
-67
-444
-560
1641
-177
164
288
1467
132
-751
-276
959
-900
1539
597
-1582
1182
-873
1746
1088
748
-711
-671
1145
-813
-619
-733
122
-1763
774
-561
1302
1394
1287
1607
-903
962
-1261
1525
1595
1035
353
-1240
-1355
-1278
-1017
1291
-349
497
-1104
-1111
-1798
-1947
946
1070
2041
-1073
-854
1085
-204
1515
-1249
611
955
-492
-577
-420
-1997
1528
633
1917
1496
1634
-509
972
-938
-986
-743
1534
-662
487
793
-743
1584
-228
1346
988
834
153
-502
690
-1757
-1199
11
572
1666
1397
-1027
-1728
451
-333
-1787
-988
-248
-1113
-1286
165
-1936
1353
-527
1029
-554
-1897
-1399
-460
-626
-309
610
-1947
885
762
70
-1647
2037
1290
836
1839
1081
1738
-1939
1209
-728
-1158
601
-1971
632
-473
-1472
1767
-1160
-135
420
1747
1714
1829
-1924
599
-453
431
1740
377
-589
-336
1442
-747
974
73
-410
-1614
1162
-2019
1097
1190
-609
-1503
1834
-1566
-1382
-1552
-1212
1211
531
734
-716
-1408
362
1887
1482
-1864
-1931
16
-762
-486
659
-274
1944
47
1715
1822
1705
-940
890
1478
-791
-405
-1731
1087
-1875
969
-237
-1982
-407
-838
-878
596
-1286
-1287
-641
1820
290
1997
253
-1092
460
2040
431
-1564
-1451
0
27
-1015
116
1865
1259
-506
-212
1146
-933
-1347
1038
-1678
-1975
-1258
-1916
356
620
1754
-453
-106
1037
977
640
-1810
1194
-1147
1964
-237
-743
-970
50
-169
-1945
1383
712
1003
-2020
-922
-1267
480
-734
315
1552
-1476
729
-1888
1627
181
1481
-1254
1693
1672
-1195
1544
-327
945
-1061
1736
-1420
1306
-803
1153
-694
558
1117
-1782
-1326
-2005
-1247
1357
1812
1457
-252
-1613
-399
-750
802
1732
51
-109
1789
1755
942
103
-1495
-793
-1296
-1652
-525
240
684
-1780
643
-290
-1312
-1735
-1856
1949
-167
535
-399
382
1000
-364
1599
-41
875
-1061
-1858
1705
-711
1361
-2041
-1377
-1955
-1116
-1156
-1628
30
308
1256
1252
-1744
663
-873
84
-1297
-687
-598
-1978
1103
871
-1954
-1649
-70
1595
-1179
1193
1354
-259
505
38
1805
1848
9
-1285
-394
15
476
-1261
-363
574
191
155
-1392
-581
-1516
619
-1114
-1273
557
1018
-435
-786
-1902
362
-1583
-781
-317
-1546
470
-1825
-151
-694
-686
1021
-287
-967
-1483
-1441
-1289
-1760
370
134
-1277
144
-1365
1574
-520
-353
-1304
-491
-54
301
1540
-1508
-1132
985
1541
1288
-1023
-568
2008
358
1874
1499
-1781
-187
139
-570
-592
1951
781
73
558
1976
-1462
-1206
-2018
725
700
-1564
-1590
-788
-542
-209
-1066
-893
-438
-518
75
-408
-629
1528
-1368
378
-1725
-1313
58
-731
183
1464
-921
202
-1914
-721
-1006
1745
1462
-816
-53
380
-552
33
22
1061
1352
437
-1218
1876
369
-1343
35
513
27
-1108
1424
-381
373
517
-1705
-608
-451
-944
-326
1580
-168
2043
-74
-1119
-1922
566
89
527
822
-63
-52
529
958
-921
-417
-1305
-727
-389
-987
-675
1590
1729
-142
1503
-914
323
-316
-2003
-351
1901
1388
-1285
1183
-1
1677
-448
1365
1307
-588
580
-1848
1305
-1892
553
-146
-438
384
37
1121
590
-648
-500
-1102
-1679
-476
-1922
-1437
-1471
606
1837
401
1570
-725
194
529
1811
1629
-869
-1525
1823
1157
-1772
-1551
1536
-1175
-1890
-1428
-689
1677
1060
-1932
-72
859
-715
-1754
-1110
-1530
1593
713
1493
246
888
1132
-990
510
758
382
-711
1212
1518
745
-655
-572
556
-1259
-703
-562
-571
1592
463
-1896
916
-886
-1011
1697
-1270
1914
1708
379
-1663
2004
-95
1485
-45
1466
-696
728
616
82
-1029
-1383
1607
-425
-962
542
-1655
-747
1560
-617
-1618
1861
524
-180
1606
-1745
1014
-717
-1456
873
130
-914
687
-1549
362
-484
1131
-1872
-1767
1293
200
788
513
1964
512
56
576
-621
1752
201
1990
1092
-110
-1940
-594
640
-1364
-55
1788
-635
-1062
239
1910
-59
944
-1207
-324
-886
-1429
-1879
1598
2004
-985
-1813
-368
1551
325
1414
1085
730
-1771
-1395
252
-1395
-1696
-404
-1724
-589
335
-486
761
548
-1526
-294
-606
240
-1177
828
80
-842
1885
-848
-494
1993
-1421
-239
-773
-599
-1134
1986
-1920
-263
493
1452
866
-1068
813
-1157
-1595
892
-1943
445
-94
-715
1106
-1472
1117
-1692
306
496
-95
1711
-1842
-1281
-2036
620
1274
1122
50
1966
812
124
594
-847
344
2042
-229
-1609
1738
690
15
288
1855
-1104
-1536
-1046
-1349
515
2002
-1517
122
957
599
641
-87
-906
1356
-1632
1009
-805
-447
564
180
-820
-617
-2038
264
1344
-451
-122
1838
-1121
1133
515
-1588
962
-10
-1525
-1711
-1448
-1425
-263
1056
1214
1499
-1118
-1069
35
-986
1829
-1561
1287
-1086
921
-365
212
-1496
460
-15
706
90
1474
-1017
1455
524
813
-1002
-982
-1087
1394
948
51
98
657
521
1092
-1334
1148
1948
-316
899
48
-187
1434
1898
-490
1150
-1206
1902
781
-571
-1340
1533
1445
-727
-1078
643
1739
1485
1260
-142
404
158
-798
-1234
353
1686
-1950
116
-1546
842
-454
-379
-1846
-546
1756
1422
815
773
-1818
-31
158
1653
-1
-985
-870
-480
1970
-1709
1965
1476
-135
115
-1293
1355
-1678
1298
-660
43
347
105
1756
140
1303
2024
1889
-927
1076
-1133
1863
-255
2033
1136
-361
-583
301
1995
-68
-1625
1446
-164
-824
-663
526
775
-1372
270
577
-862
439
-1365
-705
-1553
1918
-507
-483
-610
-1963
-1574
-92
-1165
1293
-745
-1083
-2013
973
-1410
-890
350
-161
-731
1991
-400
-847
-953
-1200
1481
-1581
-1846
-1408
41
1491
-1291
-1205
-643
-745
705
-1103
-973
340
-1735
1349
-187
263
-701
58
-1156
-666
630
822
70
-1400
1075
-1626
-828
290
-1140
1459
-724
1340
617
-100
-1719
336
-1427
-131
-1975
337
-1592
-1177
-1440
1282
-822
-297
1207
-754
1610
-702
-2036
573
1429
-786
1634
624
1052
950
-1930
-1407
-1657
-1256
-268
185
115
-803
-1950
-190
626
1553
-67
-1577
-635
-1663
1159
1631
442
1832
-1902
-1076
331
-1455
-1046
1661
-1648
-1199
-1140
-504
1878
-282
776
840
1315
-2006
-570
-1364
-649
-308
30
445
2024
1789
-770
-1093
857
1129
-1994
-942
-1124
-592
555
1088
1322
488
1332
-240
1358
-635
-1777
-658
-1777
-2044
-787
932
-1676
-7
1176
-115
1936
1731
244
1376
1713
-1675
-1946
-247
1814
59
-106
1309
-42
-1545
-258
1346
544
1307
-618
1310
-886
935
1328
-649
148
844
243
1246
-1761
-143
574
-659
-1034
-405
1179
1226
-722
1886
1284
575
1659
-1478
-763
-1549
310
-220
-491
-1796
-715
-252
1463
-1633
-1232
599
-331
-1236
-777
-20
-36
1251
-1547
214
1247
1898
609
-1232
-1637
-992
1977
234
-980
-556
-837
-941
1663
606
-1170
-131
-1133
-1950
-1089
-1977
211
-1853
239
1576
-1969
1863
105
-1160
-1079
-1592
94
-178
1404
-1728
-1881
461
-330
-892
-963
-6
-1833
1960
-529
161
306
2005
-380
-30
-970
-314
-282
-1386
38
-636
-836
1838
1065
-1600
-1066
1389
965
1338
-1298
-1454
875
-1359
-480
-1583
-381
-94
1423
-1106
831
1690
680
1261
-789
-1741
-1433
-1202
-1840
-691
-222
1071
-394
1308
-1980
-902
-143
1329
-1455
702
-184
-2017
-566
-1730
-33
795
-192
263
-1318
-1237
-232
-1054
-932
1525
870
-469
-97
-469
-1438
1622
-1586
-404
1974
-1184
-1136
657
883
-111
-577
-1414
-863
321
-1622
1511
-448
-315
-1700
-780
259
-234
-1954
1100
50
-849
-1709
-1793
1048
-1033
238
-1310
158
690
688
-1681
574
503
1990
546
0
-5
1190
-992
1212
-1221
-595
-1986
-453
-902
1854
-1733
-900
-1819
-1547
832
1981
487
-252
-410
-98
-997
1442
855
427
685
-617
1519
542
-1826
-131
-805
-808
1720
1848
483
333
-1318
253
608
1989
1606
1347
774
-1469
1066
-942
1727
1947
-1378
-629
981
832
-498
-1238
-266
-13
-844
1711
-153
11
888
1681
-1021
421
-1589
377
-965
-1753
-581
-80
1211
-1905
1526
-263
775
-503
-1298
364
1925
41
1177
-1098
-1681
-1469
1647
791
-1020
1853
-311
1992
-1898
1419
-1209
1012
-854
-1443
-89
996
1992
1739
-1945
1979
89
-677
-339
-1214
763
522
-263
-1016
-1065
-1081
-26
653
1339
-1713
657
-338
814
-1989
528
963
-234
-1929
840
-741
803
679
706
-274
233
1014
-1585
1157
-1428
-616
104
2011
310
661
-663
-1239
-1292
-1456
576
-1835
1732
-1533
-1044
-1455
-1267
1005
-438
536
-299
1643
-1134
380
-376
375
1295
-383
1834
1289
-301
-1448
-61
1742
-1145
1249
1053
-1654
545
1438
165
-860
-1362
-384
-1405
1642
-1119
-1778
-1136
1860
-692
-1444
1427
102
1209
1568
-976
1144
890
1408
207
1179
1469
479
-1958
-2003
1082
61
-594
-1585
-1192
1411
187
32
1250
-1984
-674
1158
-510
26
399
1673
-372
-76
1640
1576
875
273
-1223
-1124
-1683
-1715
-435
-272
454
954
-1336
-521
1564
308
-268
-1307
-762
950
-1404
-1499
-807
-1284
54
449
1548
597
589
-1816
-1379
-924
-708
455
986
1250
5
1160
1092
-716
-566
-645
-367
1000
-50
-743
1944
997
-1133
1109
1141
862
-942
906
575
1872
-1181
-392
233
-1084
-279
994
1703
-699
582
806
-698
-976
1978
1585
1766
-509
-346
607
935
-684
1486
-357
-645
1219
-703
-1725
-1089
-661
1787
1074
-1017
1306
548
-1675
-1682
-751
2018
1766
2040
-697
-612
-1156
1397
1303
-1082
-957
-722
-644
1264
1011
-2039
-693
1104
-1241
-408
-993
1861
976
-704
-1008
353
-391
-1067
-283
1595
-1163
-1130
1807
168
1725
1907
241
-1378
-1848
1091
-821
1358
678
-144
-550
-782
-1987
1428
-249
-130
1666
1632
-1641
-1532
191
1827
1611
-1057
-1351
400
-650
-1194
673
-2033
1600
770
-1775
1303
487
-1148
349
1808
-1288
201
266
1535
-690
-354
104
-861
1830
-1115
-1251
-1464
-86
1638
-1316
-280
-1175
980
718
-293
842
-1389
-486
1965
-440
673
-28
-1151
-1439
-806
-155
1099
-680
361
1627
-850
386
289
1118
1897
-202
179
1398
-1197
-211
376
1659
1226
-399
1837
-616
-1391
-2020
1543
-1689
-260
1387
154
1312
868
169
-1793
-946
-272
814
1191
1093
1601
794
-416
-461
-616
288
-572
-67
-1384
713
1998
-752
1887
442
2001
-1424
1095
1106
-957
-2045
416
36
-286
1553
1815
685
-1116
-932
-1536
-1849
1471
-1355
4
-1743
1639
1442
1981
703
-884
-715
-888
-1402
279
-1905
1792
611
-207
-847
2005
-870
-1089
215
1530
-883
979
-290
1545
361
1360
-1503
-1009
748
305
849
1332
1231
772
-1112
735
338
1256
1477
-912
1848
914
-253
-1703
977
441
1846
203
-693
1643
-1597
-1903
-538
-591
1544
-1977
-906
-287
509
696
-1409
-1981
-756
659
-887
-1231
1500
998
-768
93
375
-7
1561
1939
-503
-812
-1230
611
2013
-524
1529
1329
778
-110
-2019
1558
2043
495
-640
-767
-600
1575
2008
1142
1928
-1574
2004
1687
-1510
-1235
1108
-627
1009
-1368
-974
-1275
1607
-970
-1289
1576
769
1236
1269
-1175
747
-419
-1214
1424
639
1738
973
944
-98
-878
-407
-1251
-326
1336
-1355
289
-1571
2032
-53
957
2040
346
481
1244
1787
519
-419
1923
-261
1330
706
-1444
270
-1795
-240
1798
56
-584
-63
-1590
-332
-587
-2020
192
1602
-1305
272
-415
-552
-1046
-706
1628
-1288
-561
-410
-1871
-1681
-991
1257
-1542
-92
-883
-612
1226
524
1954
-406
-1208
1068
1067
-435
-911
392
1628
231
-840
1298
139
-1450
-735
364
-339
-1164
-1923
-1937
539
845
-1504
-906
-222
-534
-631
469
-1636
1268
619
751
-1481
728
-893
1346
447
1149
676
-1520
-1050
591
-874
210
-300
1246
-1313
-467
321
1433
74
1413
-971
-2041
96
-4
-1541
1005
573
1772
-42
1273
868
1198
-1089
15
460
-1598
-1115
-1282
183
262
-82
-293
1973
-1685
1247
-1653
1866
1878
413
-312
-1372
-891
-1687
1356
-1600
122
-1694
-1963
-1115
66
-1297
525
978
1970
1525
-154
673
714
-2010
-1657
-1074
384
678
-616
694
1155
-1069
1823
1997
1373
-483
-646
-386
-1968
-1565
189
-229
633
-1185
-321
1097
-1360
594
1100
-187
1877
1216
-1186
-1442
2023
553
620
-675
1116
-1842
1435
761
-1780
-1465
-530
-1278
352
-1781
1809
122
-22
1062
-1975
1889
-494
704
-1895
324
-1524
-850
775
1083
1373
-1615
-1249
-1089
636
-837
-480
1712
-1076
-857
-1655
548
-1370
2000
-1235
-977
174
-997
-1181
1626
506
-1891
-586
-1248
-1430
-1368
146
1450
1199
864
75
1967
1412
-131
-517
1130
-1714
1651
1696
1132
-307
708
769
415
1340
137
1172
1750
72
-1039
26
-1400
70
1276
549
2023
-1734
-1542
1576
1558
-265
1552
1111
-1906
-1806
-622
1767
105
-1025
-746
783
514
1197
-695
-455
-488
-1924
-1923
982
-1486
93
-1126
-934
-121
-1231
2019
401
1004
582
1768
-1761
-981
1718
-485
-1750
815
-1607
-1152
-2037
-600
-363
243
798
-711
145
-165
1375
765
837
-205
533
-860
-51
13
1056
903
-706
1095
-439
364
-275
-1412
1273
-1532
-310
531
1518
1257
1634
1156
-474
-140
1266
-1915
-1382
-1621
-795
175
-968
-505
-184
820
879
-182
1954
946
989
988
1680
1273
-909
572
1421
1015
-879
-565
-1401
-1709
-1385
-125
-662
-1264
-980
511
-416
979
-796
1092
1764
267
-1147
680
-921
1412
635
371
1698
-1574
-1051
121
-1935
37
-626
-1209
1315
-903
1400
1321
-1723
-154
-1219
-845
-1870
-972
1713
-538
250
15
-1926
1739
-1499
-1092
-876
-604
-949
-734
-1081
1060
-838
572
-1041
-136
187
-1322
-1037
-2042
180
-1440
917
207
473
1944
-1091
421
-1777
818
-133
-1122
1353
-1282
618
-1191
-1025
-1256
1209
-1932
-548
-1405
-1708
-618
1665
-888
-352
146
1400
-915
1614
-503
-1321
1243
1166
2027
-479
118
-1240
638
457
-770
233
1797
432
1662
485
-48
1823
-1018
212
-803
-1856
-1249
-480
-848
-1840
-1077
1281
172
74
555
-1236
117
300
1895
-1193
-1097
1643
1854
-186
1489
1047
-1107
-1649
738
1518
-1002
-1107
-1677
1801
372
200
-1945
-1827
-794
416
-879
-996
-1528
519
-695
-1549
686
1123
898
2029
1355
-1116
-1306
-745
-1164
22
-2006
-1376
-1531
1949
-934
1705
86
-616
-1967
904
2017
767
-36
-1573
452
-1212
-2034
-2026
-1111
1547
-2033
1490
366
687
-3
1377
-742
1396
1333
-1547
587
851
-130
1266
-266
1144
-397
-1819
1658
-1509
-1328
-966
-1831
-15
714
670
805
-534
-727
-232
772
-1454
-1463
-656
574
-1762
1728
-675
-978
149
-276
1498
-1471
2026
-318
794
287
35
1435
-642
979
956
295
1031
-408
1429
-248
207
1387
878
158
-1612
991
-896
-1943
-1047
-818
-1902
1091
-830
561
-2028
1094
1568
-381
390
-1703
266
-1461
-820
807
-839
845
-1884
231
-845
1712
755
1061
1106
-1158
-2006
349
545
1766
-1495
1406
-1663
37
-1206
1034
1284
1181
1476
-749
-2018
-1405
1027
1687
550
-1303
-1465
203
438
-1806
-507
-1936
579
1888
915
1793
-1329
-1496
1632
-1018
-46
-712
-954
1732
1814
1582
90
1072
1965
561
-565
23
-860
-664
-260
1358
-828
-611
399
1053
1528
1378
-1100
624
1689
301
-1268
1335
-1241
-1072
475
-404
733
980
695
1812
-1615
1835
1840
-1819
462
1657
-1524
1703
903
-616
-1733
-198
1443
-1358
78
539
-797
-1690
1941
-1673
-798
857
113
-1876
255
962
849
-1254
-108
1840
-56
-1426
1513
-707
-1259
-27
1931
-687
1459
23
1824
-970
-952
-884
-1153
-1120
1101
678
-206
-1709
304
-1189
1298
-202
-1554
-1282
-1983
466
1015
-820
-1554
1706
933
365
-1143
2005
-354
1033
-103
1623
-1858
1337
1986
-1891
-30
1897
627
-374
1794
1025
1670
162
-743
-818
1915
-1126
-2009
-1765
-1907
1480
-1800
-1550
277
-2036
2025
-801
232
-172
1857
188
-327
-1915
866
-1042
1858
996
1405
-141
-102
-1601
-1781
-427
-1818
1385
126
-814
57
-1938
460
1707
197
748
-272
-2000
-1301
-1272
-1258
295
-371
-1947
-1841
1401
829
1420
-1618
-1392
1139
1125
971
-720
1135
-197
-603
1833
1064
-1063
-852
-1985
-1356
544
-225
422
659
895
1404
-34
-140
-833
-1009
-1574
-1387
1939
228
-1708
140
-642
-279
-1151
1705
-1745
560
1443
-1426
34
1599
1267
-1642
-1607
-1410
-706
-730
1330
1369
1466
-550
-958
-1357
-120
1132
-1216
1443
-735
1085
1229
640
-404
-1384
550
297
168
-1734
-630
1096
-569
-398
75
-527
641
-1720
-1551
1514
-304
1049
429
585
-28
-967
-21
1684
-146
-1852
-1790
-1520
-170
-150
-296
375
1403
351
-1365
1229
1775
1778
-896
1385
-513
-943
-1613
1262
652
-576
3
-1657
-1978
-531
-345
1981
473
-874
688
1704
1281
12
104
-403
1645
23
-304
-526
337
-903
1776
-5
-1592
1452
1107
1055
1449
-1461
0
-991
813
1882
-1134
-1549
194
1604
-579
1808
1437
-365
-569
-1689
1642
-490
1860
1603
-630
1508
-1100
-13
-1460
1665
819
1564
1691
440
-1528
-590
-358
1169
1035
140
356
2010
-1069
367
-314
415
-354
-861
243
-493
726
-1603
-507
599
594
-251
-1944
1936
-550
724
474
-1870
-1163
871
101
-1686
-812
-1638
145
-1844
1878
1767
-877
-545
796
-1194
-1127
-1851
641
-1190
-1822
-327
-114
-1388
-547
891
-1862
-1147
1766
-388
631
202
1546
1602
-256
-1958
795
-1903
-1617
1289
1226
386
-113
1803
-1539
96
-1434
-112
1756
1099
-82
-2009
1328
1893
268
587
819
-1316
1928
-128
-1896
544
-227
-418
1267
-2035
1008
1329
1850
1022
-308
-397
-1678
444
-1524
1913
-1970
-1469
1203
-475
-1525
-2015
1264
1408
1009
-576
1908
1597
-1533
-1
1347
-1250
29
926
1331
1517
71
2026
-1360
1408
1347
1289
-230
243
1315
105
-174
-1826
783
1470
694
-1356
-1050
-262
-728
-277
-777
418
-1690
1591
111
1053
1363
1641
1738
-1738
1412
823
196
-940
361
-1127
-1731
1280
1472
-20
-1416
1001
1681
388
1590
2037
1583
2029
1036
1503
695
1126
1363
-1868
1904
-2043
-1444
-603
-1136
-803
20
-1600
945
-308
-1594
961
1949
-1005
1575
-1865
-1621
618
-1166
-626
-1749
-1812
408
-923
1409
804
-399
1964
789
1543
739
-1581
-80
732
1236
934
-72
-1839
-754
-1989
-1606
-1647
-847
73
407
-1709
-1641
-1030
243
-322
-754
1299
1567
814
-917
102
-215
-69
-298
-1910
576
-155
-59
-1887
302
-1284
-1629
-1679
250
-246
-14
-188
-1161
-1975
-890
776
-1046
-253
-236
-740
1147
1509
-1348
1069
1448
-868
-1844
-327
-709
684
1104
361
-445
792
-553
253
-134
-753
698
-1545
-1676
-1480
-96
-871
-1506
-244
340
1966
-268
-617
947
-1936
860
-225
-1571
506
-859
1311
1847
-1286
-1809
-496
-815
-1127
689
1611
-1473
651
1558
-1604
-564
863
421
1641
-1255
-875
1984
-821
-1082
-3
610
1478
-1648
961
1641
856
-697
-373
27
-1067
-1512
-733
-494
-881
-1901
-981
-974
-978
229
-981
-1012
287
-75
644
1026
-863
-766
1459
-1326
1738
-1904
-192
175
1046
-1216
-1561
949
-1855
-1849
-421
-1847
-1415
-1744
-750
